Data_Terrain/DTM/DTM_Laret_Edge.txt
ncols	610
nrows	610
xllcorner	785364.01
yllcorner	190694.01
cellsize	1
NODATA_value	-9999
[rows 90 to 119 of 610, columns 335 to 401 of 610]
1520.15 1520.26 1520.2 1520.18 1520.09 1520.07 1520.04 1520.02 1520.04 1520.16 1520.43 1520.4 1520.42 1520.49 1520.73 1521.11 1521.26 1521.4 1521.32 1521.31 1521.27 1521.52 1521.52 1521.33 1521.36 1521.46 1521.67 1521.86 1522.03 1522.35 1522.37 1522.46 1522.6 1522.81 1522.91 1523.05 1523.42 1523.67 1523.79 1523.99 1524.41 1524.77 1525.05 1525.17 1525.3 1525.66 1526 1526.13 1526.32 1526.6 1526.67 1526.81 1527.06 1527.25 1527.51 1527.49 1527.43 1527.19 1527.26 1527.46 1527.33 1527.48 1527.83 1528.17 1528.08 1528.18 1528.37
1519.91 1520.08 1520.05 1519.97 1519.87 1519.85 1519.84 1519.86 1519.86 1519.91 1520.07 1520.18 1520.19 1520.23 1520.37 1520.65 1520.91 1521.27 1521.35 1521.3 1521.3 1521.37 1521.5 1521.34 1521.25 1521.52 1521.74 1521.97 1522.15 1522.25 1522.36 1522.49 1522.62 1522.77 1522.93 1523.04 1523.42 1523.68 1523.83 1524.01 1524.39 1524.7 1524.99 1525.11 1525.36 1525.67 1525.98 1525.99 1526.22 1526.47 1526.62 1526.69 1526.9 1527.1 1527.24 1527.37 1527.34 1527.19 1527.22 1527.41 1527.29 1527.42 1527.77 1527.86 1527.83 1528.05 1528.25
1519.7 1519.76 1519.75 1519.71 1519.64 1519.62 1519.81 1519.77 1519.75 1519.8 1519.92 1519.98 1520.06 1520.12 1520.16 1520.37 1520.56 1520.93 1521.3 1521.3 1521.29 1521.26 1521.38 1521.42 1521.34 1521.44 1521.78 1522.05 1522.45 1522.4 1522.49 1522.5 1522.53 1522.66 1522.88 1523.05 1523.26 1523.66 1523.92 1523.97 1524.27 1524.59 1525.02 1525.16 1525.36 1525.54 1525.79 1525.85 1526.05 1526.41 1526.49 1526.63 1526.91 1526.8 1527.06 1527.27 1527.4 1527.38 1527.16 1527.37 1527.23 1527.31 1527.55 1527.52 1527.73 1527.99 1528.19
1519.48 1519.49 1519.49 1519.43 1519.45 1519.47 1519.62 1519.58 1519.64 1519.69 1519.77 1519.85 1519.93 1519.99 1520.05 1520.12 1520.28 1520.56 1521.01 1521.19 1521.26 1521.23 1521.27 1521.3 1521.34 1521.41 1521.84 1522.16 1522.46 1522.39 1522.55 1522.54 1522.51 1522.58 1522.82 1523.01 1523.21 1523.5 1523.7 1523.94 1524.22 1524.62 1524.95 1525.14 1525.29 1525.49 1525.63 1525.76 1525.93 1526.3 1526.41 1526.68 1526.86 1526.83 1526.99 1527.11 1527.25 1527.27 1527.25 1527.22 1527.08 1527.13 1527.43 1527.58 1527.7 1527.88 1528.18
1519.29 1519.3 1519.26 1519.23 1519.25 1519.28 1519.41 1519.45 1519.5 1519.57 1519.64 1519.75 1519.8 1519.92 1519.97 1520.08 1520.19 1520.39 1520.74 1521.04 1521.2 1521.21 1521.26 1521.28 1521.34 1521.52 1521.8 1522.01 1522.22 1522.39 1522.56 1522.64 1522.59 1522.58 1522.76 1522.89 1523.13 1523.35 1523.66 1523.93 1524.19 1524.6 1524.94 1525.22 1525.37 1525.43 1525.59 1525.73 1525.93 1526.2 1526.49 1527.3 1526.88 1526.85 1526.91 1527.06 1527.15 1527.04 1527.23 1527.27 1527.31 1527.38 1527.59 1527.74 1527.92 1528.03 1528.37
1519.06 1519.14 1519 1519.05 1519.05 1519.13 1519.22 1519.3 1519.37 1519.45 1519.53 1519.63 1519.74 1519.86 1519.85 1520 1520.14 1520.36 1520.5 1520.96 1521.25 1521.27 1521.25 1521.31 1521.33 1521.59 1521.71 1521.96 1522.09 1522.39 1522.82 1522.69 1522.51 1522.57 1522.74 1522.84 1523.06 1523.36 1523.64 1524 1524.29 1524.65 1524.91 1525.13 1525.36 1525.58 1525.55 1525.73 1525.87 1526.2 1526.67 1527 1526.75 1526.67 1526.86 1527.08 1527.38 1527.28 1527.21 1527.56 1527.32 1527.6 1527.66 1527.85 1528.06 1528.23 1528.47
1518.97 1518.92 1518.87 1518.93 1518.95 1518.98 1519.05 1519.13 1519.25 1519.34 1519.46 1519.65 1519.68 1519.71 1519.79 1519.99 1520.06 1520.3 1520.36 1520.57 1520.79 1521.04 1521.33 1521.31 1521.34 1521.42 1521.69 1521.91 1522.03 1522.31 1522.67 1522.6 1522.53 1522.55 1522.75 1522.91 1523.13 1523.34 1523.66 1523.99 1524.22 1524.45 1524.68 1524.97 1525.34 1525.57 1525.62 1525.75 1525.94 1526.11 1526.51 1526.66 1526.62 1526.75 1526.82 1527.02 1527.34 1527.36 1527.14 1527.32 1527.36 1527.73 1527.72 1528.13 1528.2 1528.38 1528.44
1518.87 1518.86 1518.78 1518.85 1518.83 1518.9 1518.98 1519.06 1519.19 1519.33 1519.47 1519.57 1519.64 1519.68 1519.76 1519.9 1520.05 1520.12 1520.24 1520.46 1520.73 1520.94 1521.14 1521.32 1521.37 1521.31 1521.57 1521.71 1522.01 1522.26 1522.43 1522.52 1522.52 1522.51 1522.83 1523 1523.49 1523.46 1523.58 1523.9 1524.13 1524.33 1524.55 1524.83 1525.27 1525.42 1525.56 1525.62 1525.84 1526.23 1526.51 1526.55 1526.49 1526.57 1526.68 1527.05 1527.23 1527.21 1527.01 1527.13 1527.4 1527.7 1527.82 1528.17 1528.3 1528.46 1528.38
1518.77 1518.8 1518.75 1518.74 1518.72 1518.8 1518.91 1518.98 1519.09 1519.26 1519.39 1519.49 1519.56 1519.62 1519.72 1519.76 1519.95 1520.03 1520.18 1520.49 1520.75 1521 1521.09 1521.29 1521.31 1521.41 1521.35 1521.62 1521.83 1522.07 1522.18 1522.36 1522.44 1522.47 1522.8 1522.97 1523.29 1523.51 1523.72 1523.89 1524 1524.21 1524.5 1524.81 1525.23 1525.44 1525.56 1525.65 1525.95 1526.1 1526.26 1526.28 1526.28 1526.34 1526.6 1526.9 1527.12 1527.15 1527.02 1527.2 1527.4 1527.66 1527.94 1528.22 1528.25 1528.28 1528.35
1518.71 1518.71 1518.68 1518.69 1518.76 1518.82 1518.81 1518.97 1519.06 1519.2 1519.31 1519.42 1519.52 1519.58 1519.71 1519.71 1519.94 1520.02 1520.15 1520.45 1520.77 1520.95 1521.03 1521.16 1521.42 1521.37 1521.42 1521.41 1521.74 1521.93 1522.09 1522.31 1522.4 1522.5 1522.78 1522.91 1523.29 1523.55 1523.83 1523.83 1523.92 1524.18 1524.5 1524.83 1525.18 1525.57 1525.84 1525.87 1526.01 1525.95 1526.4 1526.46 1526.55 1526.37 1526.56 1526.71 1526.88 1527 1527.1 1527.23 1527.47 1527.7 1528.12 1528.2 1528.27 1528.34 1528.4
1518.71 1518.71 1518.64 1518.69 1518.75 1518.78 1518.86 1518.99 1519.12 1519.16 1519.24 1519.36 1519.42 1519.6 1519.68 1519.77 1519.91 1520 1520.13 1520.36 1520.64 1520.75 1520.97 1521.09 1521.31 1521.43 1521.46 1521.45 1521.62 1521.8 1522.12 1522.35 1522.46 1522.58 1522.82 1522.97 1523.24 1523.47 1523.71 1523.76 1523.88 1524.14 1524.6 1524.85 1525.17 1525.54 1525.85 1525.88 1525.99 1526.03 1526.19 1526.41 1526.78 1526.71 1526.84 1526.77 1526.89 1526.99 1527.07 1527.35 1527.59 1527.87 1528.1 1528.21 1528.39 1528.64 1528.54
1518.67 1518.71 1518.69 1518.68 1518.68 1518.78 1518.9 1519.02 1519.18 1519.18 1519.28 1519.37 1519.46 1519.56 1519.68 1519.78 1519.9 1520 1520.13 1520.32 1520.51 1520.78 1520.94 1521.11 1521.3 1521.49 1521.46 1521.51 1521.5 1521.77 1522.07 1522.37 1522.46 1522.58 1522.77 1523.02 1523.19 1523.44 1523.75 1523.89 1523.93 1524.24 1524.65 1524.86 1525.15 1525.46 1525.75 1525.93 1526.13 1526.29 1526.16 1526.36 1526.49 1526.61 1526.93 1526.83 1526.93 1527.06 1527.19 1527.44 1527.81 1528.06 1528.15 1528.29 1528.4 1528.5 1528.56
1518.75 1518.66 1518.62 1518.65 1518.66 1518.81 1519 1519.15 1519.21 1519.2 1519.27 1519.4 1519.5 1519.56 1519.65 1519.76 1519.88 1520.01 1520.16 1520.4 1520.56 1520.75 1520.93 1521.09 1521.38 1521.51 1521.47 1521.49 1521.46 1521.65 1521.91 1522.26 1522.4 1522.58 1522.76 1522.94 1523.14 1523.36 1523.65 1523.91 1524.26 1524.42 1524.58 1524.84 1525.18 1525.52 1525.8 1526.16 1526.31 1526.4 1526.44 1526.34 1526.41 1526.62 1526.88 1527.05 1527.19 1527.39 1527.32 1527.55 1527.94 1528.15 1528.24 1528.32 1528.59 1528.59 1528.53
1518.6 1518.6 1518.59 1518.67 1518.77 1518.83 1519 1519.07 1519.2 1519.17 1519.27 1519.36 1519.46 1519.56 1519.64 1519.71 1519.85 1520.02 1520.17 1520.38 1520.59 1520.83 1520.99 1521.11 1521.33 1521.6 1521.55 1521.46 1521.46 1521.62 1521.93 1522.2 1522.38 1522.69 1522.78 1522.92 1523.11 1523.34 1523.64 1524.09 1524.48 1524.64 1524.73 1524.96 1525.25 1525.68 1525.88 1526.15 1526.37 1526.47 1526.68 1526.56 1526.55 1526.65 1526.86 1527.21 1527.36 1527.44 1527.48 1527.76 1528.07 1528.23 1528.33 1528.38 1528.43 1528.52 1528.53
1518.58 1518.56 1518.55 1518.7 1518.74 1518.87 1519.1 1519.23 1519.27 1519.17 1519.27 1519.34 1519.44 1519.5 1519.61 1519.73 1519.86 1520.01 1520.18 1520.39 1520.67 1520.97 1521.11 1521.3 1521.47 1521.52 1521.56 1521.49 1521.45 1521.6 1521.98 1522.2 1522.39 1522.62 1522.85 1522.93 1523.16 1523.39 1523.64 1524.09 1524.44 1524.59 1524.83 1525.05 1525.23 1525.6 1525.84 1526.07 1526.29 1526.5 1526.6 1526.58 1526.73 1526.8 1527.19 1527.34 1527.49 1527.48 1527.69 1527.97 1528.21 1528.28 1528.32 1528.45 1528.3 1528.35 1528.52
1518.47 1518.55 1518.54 1518.57 1518.68 1518.82 1519.07 1519.15 1519.22 1519.22 1519.29 1519.37 1519.41 1519.51 1519.63 1519.74 1519.87 1520.02 1520.18 1520.45 1520.67 1520.87 1521.04 1521.14 1521.3 1521.5 1521.64 1521.51 1521.49 1521.65 1522.05 1522.26 1522.46 1522.75 1523.03 1523.09 1523.3 1523.52 1523.71 1523.97 1524.28 1524.53 1524.87 1524.98 1525.17 1525.48 1525.74 1525.95 1526.16 1526.45 1526.53 1526.62 1526.82 1526.95 1527.14 1527.58 1527.61 1527.63 1527.82 1528.11 1528.26 1528.28 1528.3 1528.36 1528.46 1528.48 1528.43
1518.47 1518.49 1518.5 1518.64 1518.67 1518.79 1519.03 1519.11 1519.18 1519.24 1519.3 1519.45 1519.47 1519.57 1519.64 1519.73 1519.87 1520.04 1520.19 1520.36 1520.53 1520.71 1520.89 1521 1521.36 1521.59 1521.72 1521.64 1521.5 1521.71 1522.13 1522.37 1522.6 1522.82 1523.1 1523.26 1523.56 1523.79 1524.01 1524.06 1524.29 1524.55 1525.05 1525.23 1525.37 1525.52 1525.64 1525.81 1526.01 1526.23 1526.47 1526.61 1526.8 1527.16 1527.32 1527.56 1527.74 1527.87 1528.15 1528.28 1528.33 1528.34 1528.26 1528.28 1528.4 1528.6 1528.69
1518.41 1518.44 1518.47 1518.54 1518.6 1518.74 1518.92 1519.04 1519.14 1519.22 1519.3 1519.4 1519.51 1519.66 1519.82 1519.9 1519.9 1520.08 1520.2 1520.4 1520.65 1520.67 1520.82 1521.04 1521.47 1521.64 1521.87 1521.72 1521.58 1521.49 1521.9 1522.26 1522.65 1522.96 1523.2 1523.43 1523.66 1523.94 1524.16 1524.18 1524.39 1524.68 1525.15 1525.42 1525.54 1525.71 1525.8 1525.96 1526.15 1526.29 1526.53 1526.69 1526.85 1527.15 1527.49 1527.63 1527.84 1528.21 1528.23 1528.37 1528.43 1528.43 1528.42 1528.44 1528.42 1528.53 1528.69
1518.41 1518.46 1518.43 1518.53 1518.6 1518.77 1518.95 1519.07 1519.12 1519.19 1519.29 1519.38 1519.59 1519.58 1519.7 1519.96 1520.02 1520.18 1520.24 1520.33 1520.83 1521.03 1520.99 1521.22 1521.46 1521.61 1521.87 1521.72 1521.58 1521.59 1521.9 1522.32 1522.71 1522.99 1523.25 1523.47 1523.7 1524.08 1524.24 1524.34 1524.53 1524.85 1525.21 1525.45 1525.83 1525.87 1525.99 1526.1 1526.28 1526.55 1526.67 1526.84 1527.05 1527.29 1527.57 1527.7 1527.91 1528.1 1528.21 1528.32 1528.31 1528.4 1528.61 1528.57 1528.58 1528.7 1528.88
1518.5 1518.52 1518.44 1518.54 1518.6 1518.76 1518.89 1518.93 1519.07 1519.19 1519.28 1519.34 1519.57 1519.59 1519.73 1519.85 1519.97 1520.08 1520.26 1520.49 1520.75 1520.95 1521.33 1521.32 1521.53 1521.51 1521.8 1521.66 1521.59 1521.58 1521.93 1522.41 1522.7 1522.96 1523.26 1523.46 1523.76 1524.08 1524.29 1524.44 1524.75 1525.05 1525.29 1525.5 1525.83 1526 1526.21 1526.25 1526.55 1526.83 1526.97 1526.95 1527.18 1527.42 1527.58 1527.82 1527.97 1528.05 1528.19 1528.47 1528.29 1528.35 1528.58 1528.66 1528.69 1528.74 1528.96
1518.36 1518.47 1518.43 1518.51 1518.62 1518.66 1518.83 1518.92 1519.03 1519.14 1519.24 1519.34 1519.46 1519.54 1519.69 1519.81 1519.94 1520.09 1520.37 1520.7 1520.89 1520.86 1520.99 1521.16 1521.36 1521.62 1521.69 1521.66 1521.59 1521.62 1521.96 1522.53 1522.76 1523.03 1523.27 1523.58 1523.82 1524.17 1524.33 1524.53 1524.91 1525.35 1525.55 1525.77 1525.8 1526.14 1526.32 1526.44 1526.73 1527.07 1527.24 1527.14 1527.21 1527.4 1527.65 1527.76 1527.88 1528.03 1528.24 1528.57 1528.74 1528.43 1528.5 1528.73 1528.79 1528.96 1529.25
1518.4 1518.52 1518.48 1518.51 1518.71 1518.68 1518.78 1518.93 1519.01 1519.16 1519.26 1519.33 1519.41 1519.59 1519.65 1519.74 1519.96 1520.14 1520.52 1520.72 1521.13 1520.84 1521 1521.19 1521.32 1521.52 1521.56 1521.52 1521.57 1521.72 1522.11 1522.75 1523.03 1523.31 1523.46 1523.67 1523.91 1524.28 1524.43 1524.63 1525.01 1525.35 1525.63 1526.11 1526.06 1526.16 1526.29 1526.56 1526.76 1527.07 1527.2 1527.19 1527.58 1527.45 1527.66 1527.77 1527.84 1527.99 1528.26 1528.58 1528.7 1528.58 1528.6 1528.8 1528.99 1529.13 1529.37
1518.45 1518.48 1518.53 1518.5 1518.64 1518.75 1518.72 1518.86 1519.06 1519.16 1519.24 1519.25 1519.4 1519.6 1519.61 1519.71 1519.95 1520.26 1520.38 1520.59 1520.67 1520.92 1521.04 1521.24 1521.36 1521.5 1521.58 1521.59 1521.58 1521.86 1522.33 1522.93 1523.24 1523.55 1523.69 1523.88 1524.01 1524.19 1524.38 1524.68 1525.06 1525.41 1525.63 1525.87 1526.16 1526.27 1526.4 1526.59 1526.9 1527.16 1527.12 1527.34 1527.48 1527.58 1527.71 1527.77 1527.85 1528.04 1528.6 1528.73 1528.63 1528.64 1528.76 1528.97 1529.08 1529.36 1529.55
1518.45 1518.37 1518.52 1518.53 1518.6 1518.71 1518.82 1518.91 1519.01 1519.09 1519.17 1519.29 1519.39 1519.48 1519.58 1519.7 1519.99 1520.2 1520.35 1520.66 1520.79 1521.05 1521.15 1521.29 1521.38 1521.5 1521.62 1521.62 1521.62 1522.02 1522.53 1522.98 1523.45 1523.75 1523.7 1523.97 1524.2 1524.36 1524.43 1524.75 1525.04 1525.36 1525.71 1525.95 1526.17 1526.11 1526.37 1526.52 1526.75 1527.06 1527.25 1527.51 1527.63 1527.62 1527.7 1527.8 1527.94 1528.16 1528.46 1528.7 1528.83 1528.89 1529.05 1529.31 1529.46 1529.52 1529.74
1518.43 1518.39 1518.43 1518.53 1518.61 1518.68 1518.74 1518.87 1518.99 1519.08 1519.26 1519.3 1519.38 1519.51 1519.54 1519.71 1520.06 1520.28 1520.33 1520.79 1520.85 1521.07 1521.16 1521.44 1521.5 1521.61 1521.71 1521.66 1521.65 1521.97 1522.5 1522.98 1523.58 1524.02 1523.76 1524.06 1524.42 1524.53 1524.59 1525.14 1525.33 1525.38 1525.65 1525.86 1526.05 1526.21 1526.33 1526.44 1526.91 1527.21 1527.24 1527.4 1527.59 1527.76 1527.92 1528.12 1528.09 1528.11 1528.3 1528.5 1528.8 1529.09 1529.16 1529.39 1529.56 1529.66 1529.73
1518.35 1518.46 1518.49 1518.52 1518.58 1518.76 1518.74 1518.85 1518.95 1519.09 1519.22 1519.38 1519.41 1519.54 1519.58 1519.7 1519.86 1520.1 1520.31 1520.62 1521.03 1521.19 1521.25 1521.39 1521.63 1521.77 1521.66 1521.62 1521.65 1522.08 1522.6 1523.01 1523.62 1523.98 1523.85 1524.15 1524.63 1524.62 1524.82 1525.19 1525.55 1525.53 1525.79 1525.98 1526.02 1526.19 1526.38 1526.56 1526.84 1527.12 1527.37 1527.49 1527.67 1527.77 1527.99 1528.1 1528.42 1528.24 1528.48 1528.69 1528.85 1529.02 1529.13 1529.27 1529.6 1529.78 1529.71
1518.46 1518.5 1518.54 1518.56 1518.65 1518.73 1518.8 1518.86 1518.99 1519.09 1519.26 1519.36 1519.4 1519.46 1519.55 1519.71 1519.92 1520.12 1520.32 1520.64 1521.2 1521.23 1521.29 1521.51 1521.65 1521.72 1521.68 1521.62 1521.63 1522.27 1522.61 1523.01 1523.37 1523.65 1523.9 1524.19 1524.45 1524.55 1524.89 1525.29 1525.59 1525.97 1526.02 1526.11 1526.09 1526.29 1526.45 1526.88 1527.11 1527.32 1527.45 1527.63 1527.74 1527.86 1528.05 1528.18 1528.26 1528.43 1528.68 1528.88 1528.98 1528.97 1529.11 1529.29 1529.54 1529.78 1529.79
1518.49 1518.5 1518.53 1518.6 1518.67 1518.74 1518.82 1518.87 1519.02 1519.08 1519.22 1519.38 1519.44 1519.51 1519.56 1519.8 1520.11 1520.2 1520.31 1520.69 1520.84 1521.09 1521.33 1521.56 1521.67 1521.83 1521.61 1521.65 1521.68 1522.37 1522.79 1523.12 1523.4 1523.56 1523.89 1524.19 1524.42 1524.59 1525 1525.36 1525.5 1525.9 1526.12 1526.08 1526.17 1526.32 1526.79 1526.82 1527.09 1527.24 1527.39 1527.61 1527.83 1528.01 1528.22 1528.35 1528.44 1528.61 1528.97 1529 1529.16 1529.05 1529.28 1529.42 1529.61 1529.78 1529.78
1518.47 1518.53 1518.53 1518.55 1518.68 1518.82 1518.88 1518.91 1518.95 1519.09 1519.18 1519.36 1519.54 1519.59 1519.83 1520.11 1520.26 1520.23 1520.39 1520.58 1520.78 1521.12 1521.43 1521.64 1521.73 1521.97 1521.69 1521.72 1521.85 1522.43 1523 1523.22 1523.46 1523.68 1523.93 1524.2 1524.38 1524.62 1524.99 1525.3 1525.53 1525.87 1525.94 1526.03 1526.26 1526.44 1526.82 1526.99 1527.1 1527.28 1527.51 1527.69 1527.82 1528.05 1528.32 1528.55 1528.52 1528.48 1528.99 1529.19 1529.14 1529.25 1529.32 1529.5 1529.67 1529.83 1529.91
1518.42 1518.5 1518.54 1518.63 1518.76 1518.84 1518.92 1518.95 1518.98 1519.08 1519.19 1519.36 1519.5 1519.63 1519.81 1520.06 1520.18 1520.27 1520.46 1520.75 1520.9 1521.12 1521.41 1521.62 1521.76 1521.86 1521.76 1521.75 1522.03 1522.67 1523.11 1523.37 1523.59 1523.81 1524.1 1524.46 1524.51 1524.71 1525.1 1525.38 1525.55 1525.89 1526.05 1526.28 1526.3 1526.56 1526.88 1526.89 1527.05 1527.17 1527.24 1527.43 1527.66 1528.03 1528.32 1528.59 1528.65 1528.56 1528.93 1529.03 1529.25 1529.35 1529.3 1529.74 1529.65 1529.81 1530.08
