Data_Terrain/DTM/DTM_Laret_Edge.txt
ncols	610
nrows	610
xllcorner	785364.01
yllcorner	190694.01
cellsize	1
NODATA_value	-9999
[rows 330 to 359 of 610, columns 268 to 334 of 610]
1524.32 1524.33 1524.41 1524.43 1524.41 1524.51 1524.6 1524.78 1524.93 1525.13 1525.18 1525.4 1525.4 1525.59 1525.74 1525.95 1526.07 1526.11 1526.38 1526.62 1526.75 1526.91 1527.21 1527.42 1527.59 1527.67 1527.83 1528 1527.91 1527.88 1527.94 1528.06 1528.16 1528.29 1528.35 1528.63 1528.89 1529.19 1529.49 1529.66 1529.83 1529.98 1530.26 1530.39 1530.5 1530.78 1530.99 1531.09 1530.94 1530.85 1531.03 1531.16 1531.49 1531.68 1531.85 1531.92 1532.01 1531.97 1532 1531.84 1531.78 1531.67 1531.47 1531.48 1531.24 1531.29 1530.91
1524.28 1524.36 1524.41 1524.42 1524.42 1524.51 1524.6 1524.88 1524.99 1525.13 1525.23 1525.26 1525.33 1525.6 1525.65 1525.98 1526.26 1526.23 1526.36 1526.59 1526.71 1526.85 1527.05 1527.31 1527.5 1527.6 1527.66 1527.73 1527.68 1527.68 1527.67 1527.83 1528.02 1528.09 1528.18 1528.46 1528.72 1528.93 1529.13 1529.41 1529.78 1530.03 1530.33 1530.45 1530.68 1530.82 1530.93 1530.91 1530.89 1530.94 1531.16 1531.42 1531.6 1531.71 1531.78 1531.9 1531.88 1531.81 1531.83 1531.63 1531.61 1531.67 1531.51 1531.29 1531.17 1531.24 1530.94
1524.19 1524.27 1524.37 1524.45 1524.52 1524.59 1524.61 1524.84 1525.03 1525.13 1525.24 1525.32 1525.44 1525.73 1525.71 1525.92 1526.22 1526.37 1526.47 1526.51 1526.64 1526.83 1527.01 1527.26 1527.35 1527.46 1527.46 1527.57 1527.59 1527.46 1527.53 1527.68 1527.85 1528.04 1528.03 1528.21 1528.44 1528.63 1528.85 1529.16 1529.55 1529.84 1530.15 1530.5 1530.97 1530.81 1530.78 1530.84 1530.93 1530.99 1531.27 1531.53 1531.66 1531.66 1531.77 1531.85 1531.97 1531.77 1531.6 1531.45 1531.35 1531.38 1531.27 1531.06 1531.05 1531.08 1530.78
1524.23 1524.19 1524.26 1524.43 1524.57 1524.63 1524.69 1524.81 1524.96 1525.03 1525.2 1525.36 1525.49 1525.72 1525.68 1525.78 1525.9 1526.25 1526.43 1526.55 1526.68 1526.78 1526.88 1527.18 1527.3 1527.33 1527.48 1527.51 1527.54 1527.51 1527.52 1527.67 1528 1528.25 1527.94 1528.01 1528.25 1528.49 1528.65 1528.93 1529.22 1529.59 1529.87 1530.24 1530.49 1530.58 1530.63 1530.75 1530.86 1531.05 1531.35 1531.63 1531.65 1531.66 1531.64 1531.65 1531.69 1531.7 1531.58 1531.42 1531.35 1531.24 1531.11 1530.99 1530.93 1530.94 1530.77
1524.2 1524.2 1524.28 1524.44 1524.59 1524.68 1524.74 1524.8 1524.93 1525.04 1525.19 1525.35 1525.57 1525.7 1525.7 1525.8 1525.9 1526.09 1526.35 1526.62 1526.7 1526.69 1526.84 1527.02 1527.17 1527.31 1527.36 1527.45 1527.46 1527.48 1527.47 1527.45 1527.91 1527.99 1527.9 1527.91 1528.02 1528.29 1528.31 1528.66 1528.97 1529.27 1529.65 1529.88 1530.14 1530.42 1530.47 1530.49 1530.71 1530.97 1531.37 1531.59 1531.59 1531.62 1531.63 1531.52 1531.57 1531.63 1531.6 1531.46 1531.37 1531.17 1531.01 1530.88 1530.81 1531 1530.97
1524.29 1524.21 1524.3 1524.43 1524.54 1524.7 1524.79 1524.87 1524.96 1525.06 1525.16 1525.29 1525.46 1525.59 1525.65 1525.77 1525.89 1526.09 1526.26 1526.5 1526.72 1526.71 1526.85 1526.93 1527.13 1527.19 1527.39 1527.37 1527.33 1527.38 1527.25 1527.28 1527.39 1527.62 1527.72 1527.73 1527.81 1527.98 1528.12 1528.38 1528.62 1529 1529.28 1529.59 1529.87 1530.09 1530.28 1530.25 1530.47 1530.87 1531.39 1531.42 1531.57 1531.59 1531.55 1531.5 1531.48 1531.43 1531.4 1531.47 1531.33 1531.13 1530.89 1530.74 1530.68 1531.04 1531.55
1524.21 1524.22 1524.34 1524.4 1524.49 1524.6 1524.76 1524.9 1525 1525.1 1525.1 1525.18 1525.41 1525.59 1525.62 1525.71 1525.87 1526.04 1526.22 1526.36 1526.59 1526.64 1526.8 1526.9 1526.99 1527 1527.51 1527.49 1527.24 1527.21 1527.16 1527.27 1527.32 1527.36 1527.44 1527.46 1527.52 1527.73 1527.88 1528.15 1528.46 1528.73 1529.04 1529.33 1529.64 1529.89 1530.05 1530.21 1530.3 1530.67 1531 1531.25 1531.48 1531.54 1531.55 1531.49 1531.39 1531.38 1531.35 1531.39 1531.28 1531 1530.84 1530.7 1530.64 1530.84 1531.16
1524.24 1524.21 1524.27 1524.41 1524.49 1524.61 1524.82 1524.92 1525.09 1525.05 1525.07 1525.2 1525.41 1525.51 1525.66 1525.69 1525.84 1525.98 1526.14 1526.3 1526.49 1526.59 1526.73 1526.84 1526.89 1526.91 1527.22 1527.51 1527.32 1527.12 1527.18 1527.37 1527.34 1527.38 1527.28 1527.31 1527.22 1527.45 1527.61 1527.84 1528.17 1528.48 1528.8 1529.12 1529.42 1529.66 1529.74 1529.96 1530.17 1530.43 1530.73 1531.07 1531.34 1531.5 1531.48 1531.38 1531.32 1531.33 1531.31 1531.42 1531.15 1530.82 1530.69 1530.58 1530.69 1530.82 1530.81
1524.2 1524.21 1524.28 1524.41 1524.51 1524.59 1524.71 1524.86 1525.04 1525.07 1525.11 1525.16 1525.33 1525.53 1525.69 1525.74 1525.79 1525.96 1526.12 1526.25 1526.43 1526.53 1526.6 1526.78 1526.82 1526.82 1526.86 1527.12 1527.09 1527.15 1527.12 1527.1 1527.11 1527.21 1527.25 1527.23 1527.15 1527.32 1527.41 1527.59 1527.92 1528.25 1528.55 1528.88 1529.09 1529.48 1529.5 1529.76 1529.97 1530.29 1530.55 1531 1531.3 1531.57 1531.5 1531.5 1531.34 1531.14 1531.21 1531.24 1531.01 1530.78 1530.57 1530.63 1530.69 1530.88 1530.71
1524.16 1524.24 1524.32 1524.43 1524.5 1524.57 1524.65 1524.79 1524.92 1524.98 1525.1 1525.2 1525.36 1525.5 1525.63 1525.7 1525.79 1525.94 1526.05 1526.18 1526.35 1526.6 1526.64 1526.66 1526.67 1526.81 1526.8 1526.85 1526.92 1527.05 1527.02 1527.1 1526.92 1527.06 1527.01 1527.01 1527 1527.18 1527.17 1527.26 1527.56 1527.94 1528.25 1528.55 1528.77 1529.03 1529.25 1529.52 1529.9 1530.13 1530.4 1530.79 1531.18 1531.39 1531.32 1531.44 1531.48 1531.31 1531.26 1531.15 1531.05 1530.57 1530.59 1530.51 1530.77 1530.97 1530.84
1524.2 1524.27 1524.36 1524.45 1524.58 1524.53 1524.59 1524.78 1524.85 1524.94 1525.08 1525.15 1525.37 1525.52 1525.63 1525.66 1525.72 1525.93 1526.11 1526.17 1526.43 1526.43 1526.56 1526.58 1526.59 1526.64 1526.65 1526.76 1526.78 1526.84 1526.91 1526.94 1526.86 1526.75 1526.65 1526.64 1526.68 1526.86 1526.82 1527.01 1527.22 1527.49 1527.8 1528.08 1528.37 1528.68 1528.9 1529.17 1529.55 1529.91 1530.31 1530.54 1530.85 1530.99 1531.23 1531.29 1531.42 1531.35 1531.23 1531.02 1530.83 1530.75 1530.83 1530.56 1530.57 1530.99 1530.75
1524.23 1524.31 1524.36 1524.41 1524.49 1524.53 1524.56 1524.69 1524.73 1524.88 1524.97 1525.15 1525.36 1525.57 1525.64 1525.7 1525.71 1525.78 1526.46 1526.18 1526.11 1526.26 1526.39 1526.36 1526.38 1526.45 1526.48 1526.55 1526.67 1526.75 1526.89 1526.69 1526.68 1526.74 1526.56 1526.72 1526.73 1526.5 1526.68 1526.9 1526.83 1527.26 1527.42 1527.77 1528 1528.26 1528.62 1528.85 1529.23 1529.62 1530.01 1530.37 1530.55 1530.74 1531.14 1531.26 1531.17 1531.14 1531 1530.85 1530.79 1530.9 1530.93 1530.7 1530.54 1530.68 1530.82
1524.2 1524.25 1524.28 1524.34 1524.42 1524.46 1524.54 1524.57 1524.68 1524.78 1524.87 1525.04 1525.23 1525.43 1525.5 1525.67 1525.7 1525.71 1525.85 1526.02 1526 1526.05 1526.14 1526.2 1526.25 1526.38 1526.47 1526.48 1526.51 1526.65 1526.73 1526.6 1526.53 1526.43 1526.41 1526.44 1526.34 1526.26 1526.71 1526.67 1526.62 1526.76 1527.14 1527.41 1527.68 1528.02 1528.39 1528.74 1529.09 1529.54 1529.83 1530.2 1530.33 1530.66 1531.01 1531.08 1531.03 1530.99 1530.88 1530.77 1530.8 1530.87 1530.94 1530.92 1530.73 1530.64 1530.77
1524.19 1524.21 1524.21 1524.22 1524.37 1524.42 1524.48 1524.46 1524.6 1524.7 1524.86 1525.02 1525.19 1525.29 1525.45 1525.61 1525.72 1525.68 1525.72 1525.83 1525.87 1525.87 1525.88 1525.91 1526.04 1526.21 1526.3 1526.32 1526.39 1526.42 1526.47 1526.34 1526.2 1526.15 1526.3 1526.02 1526.04 1526.08 1526.41 1526.43 1526.37 1526.55 1527.03 1527.21 1527.42 1527.79 1528.11 1528.48 1528.86 1529.2 1529.54 1529.93 1530.23 1530.54 1530.67 1530.82 1530.81 1530.79 1530.83 1530.99 1530.91 1530.8 1530.86 1531.03 1530.78 1530.7 1530.69
1524.19 1524.23 1524.21 1524.26 1524.29 1524.34 1524.36 1524.41 1524.49 1524.62 1524.81 1524.92 1525.03 1525.15 1525.35 1525.61 1525.59 1525.57 1525.66 1525.77 1525.71 1525.73 1525.71 1525.75 1526.19 1526.22 1526.06 1526.17 1526.22 1526.3 1526.43 1526.32 1526.04 1526.15 1525.92 1525.8 1525.9 1526.07 1525.97 1526.16 1526.14 1526.39 1526.77 1527.05 1527.17 1527.6 1528.03 1528.23 1528.57 1528.91 1529.3 1529.7 1529.99 1530.33 1530.54 1530.87 1530.65 1530.67 1530.82 1530.92 1530.79 1530.82 1530.83 1530.82 1530.74 1530.7 1530.56
1524.21 1524.18 1524.23 1524.17 1524.21 1524.21 1524.23 1524.33 1524.43 1524.55 1524.73 1524.82 1524.82 1525.07 1525.3 1525.5 1525.53 1525.44 1525.53 1525.6 1525.62 1525.57 1525.6 1525.69 1526.07 1526.06 1525.96 1525.96 1526.1 1526.28 1526.34 1526.18 1525.97 1525.93 1525.71 1525.68 1525.89 1526.05 1525.89 1525.96 1525.93 1526.21 1526.53 1526.8 1527.06 1527.45 1527.8 1528.09 1528.38 1528.73 1529.07 1529.45 1529.72 1530.07 1530.31 1530.5 1530.49 1530.41 1530.58 1530.75 1530.59 1530.77 1530.77 1530.65 1530.66 1530.73 1530.59
1524.19 1524.2 1524.19 1524.22 1524.22 1524.22 1524.17 1524.24 1524.34 1524.53 1524.56 1524.81 1524.99 1525.1 1525.25 1525.38 1525.49 1525.37 1525.32 1525.32 1525.46 1525.4 1525.45 1525.62 1525.75 1525.78 1525.87 1525.96 1525.99 1526.03 1526.04 1525.99 1525.92 1525.77 1525.64 1525.57 1525.75 1525.78 1525.75 1525.84 1525.94 1526.09 1526.31 1526.53 1526.89 1527.32 1527.65 1527.98 1528.2 1528.53 1528.87 1529.19 1529.51 1529.84 1530.14 1530.41 1530.24 1530.33 1530.33 1530.51 1530.5 1530.54 1530.63 1530.87 1530.84 1530.73 1530.78
1524.24 1524.17 1524.19 1524.21 1524.21 1524.22 1524.25 1524.21 1524.22 1524.5 1524.69 1524.84 1524.94 1525.04 1525.21 1525.29 1525.4 1525.39 1525.28 1525.36 1525.31 1525.26 1525.24 1525.45 1525.59 1525.64 1525.68 1525.73 1525.94 1525.96 1525.95 1526 1525.83 1525.63 1525.56 1525.55 1525.58 1525.6 1525.62 1525.73 1525.81 1525.89 1526.16 1526.36 1526.72 1527.1 1527.42 1527.74 1528.06 1528.35 1528.75 1529.21 1529.41 1529.64 1529.97 1530.21 1530.52 1530.6 1530.64 1530.59 1530.53 1530.5 1530.66 1531.02 1530.74 1530.79 1530.72
1524.22 1524.2 1524.2 1524.17 1524.21 1524.23 1524.18 1524.19 1524.2 1524.37 1524.64 1524.74 1524.9 1524.98 1525.13 1525.22 1525.23 1525.22 1525.29 1525.28 1525.24 1525.01 1525.07 1525.19 1525.32 1525.42 1525.44 1525.44 1525.64 1525.82 1525.87 1526 1525.86 1525.57 1525.34 1525.43 1525.48 1525.52 1525.62 1525.74 1525.98 1526.04 1526.08 1526.25 1526.53 1526.87 1527.18 1527.5 1527.82 1528.16 1528.6 1529.02 1529.31 1529.58 1529.83 1530.11 1530.4 1530.46 1530.57 1530.57 1530.46 1530.26 1530.39 1530.52 1530.44 1530.61 1530.35
1524.2 1524.2 1524.2 1524.17 1524.21 1524.2 1524.19 1524.19 1524.21 1524.3 1524.53 1524.78 1524.99 1525 1525.08 1525.25 1525.31 1525.21 1525.21 1525.22 1525.08 1524.99 1525.08 1525.12 1525.28 1525.3 1525.33 1525.22 1525.44 1525.59 1525.7 1525.72 1525.58 1525.41 1525.35 1525.3 1525.39 1525.48 1525.62 1525.76 1526.04 1526.28 1526.14 1526.07 1526.44 1526.6 1526.93 1527.29 1527.59 1527.85 1528.25 1528.65 1529.16 1529.6 1529.65 1529.83 1530.15 1530.13 1530.12 1530.08 1530.06 1529.95 1530.03 1530.09 1530.16 1530.13 1529.89
1524.21 1524.2 1524.19 1524.18 1524.17 1524.21 1524.2 1524.21 1524.18 1524.28 1524.48 1524.72 1524.89 1524.92 1525.03 1525.26 1525.29 1525.23 1525.3 1525.31 1525.19 1525.1 1525.25 1525.16 1525.21 1525.27 1525.28 1525.22 1525.36 1525.55 1525.57 1525.55 1525.45 1525.34 1525.28 1525.3 1525.37 1525.47 1525.68 1525.82 1526.04 1525.96 1525.75 1525.84 1526.27 1526.56 1526.86 1527.18 1527.41 1527.64 1527.94 1528.26 1528.62 1528.92 1529.32 1529.43 1529.7 1529.77 1529.7 1529.75 1529.58 1529.77 1529.73 1529.72 1529.7 1529.66 1529.57
1524.19 1524.18 1524.18 1524.2 1524.2 1524.18 1524.2 1524.22 1524.22 1524.28 1524.39 1524.67 1524.84 1524.68 1524.93 1525.19 1525.34 1525.25 1525.29 1525.26 1525.26 1525.34 1525.42 1525.28 1525.24 1525.23 1525.23 1525.22 1525.32 1525.42 1525.42 1525.32 1525.39 1525.41 1525.34 1525.4 1525.5 1525.61 1525.92 1525.93 1525.99 1525.99 1525.74 1525.74 1526.08 1526.36 1526.74 1527.04 1527.31 1527.55 1527.69 1528.02 1528.31 1528.62 1528.85 1528.9 1529.27 1529.42 1529.41 1529.34 1529.36 1529.41 1529.49 1529.4 1529.41 1529.35 1529.28
1524.2 1524.2 1524.18 1524.18 1524.24 1524.2 1524.21 1524.22 1524.19 1524.18 1524.41 1524.6 1524.75 1524.74 1524.94 1525.16 1525.21 1525.24 1525.3 1525.32 1525.3 1525.14 1525.2 1525.28 1525.24 1525.41 1525.65 1525.52 1525.37 1525.35 1525.37 1525.3 1525.36 1525.38 1525.41 1525.51 1525.63 1525.75 1525.83 1525.89 1525.99 1526.08 1525.81 1525.81 1525.84 1526.15 1526.48 1526.97 1527.29 1527.56 1527.71 1527.8 1528.02 1528.3 1528.51 1528.59 1528.91 1529.08 1529.16 1529.13 1529.09 1529.22 1529.09 1529.14 1529.08 1529.06 1528.96
1524.22 1524.21 1524.21 1524.19 1524.18 1524.23 1524.2 1524.24 1524.21 1524.21 1524.34 1524.49 1524.64 1524.74 1524.87 1525.02 1525.15 1525.19 1525.21 1525.37 1525.46 1525.5 1525.27 1525.41 1525.38 1525.47 1525.65 1525.68 1525.66 1525.6 1525.57 1525.35 1525.39 1525.45 1525.49 1525.53 1525.67 1525.8 1525.88 1526.03 1526.1 1526.02 1525.83 1525.73 1525.87 1526.1 1526.43 1526.77 1527.09 1527.17 1527.51 1527.57 1527.79 1528.07 1528.22 1528.32 1528.55 1528.75 1528.8 1528.77 1528.73 1528.77 1528.68 1528.69 1528.71 1528.92 1528.62
1524.19 1524.19 1524.2 1524.16 1524.16 1524.18 1524.21 1524.2 1524.21 1524.21 1524.25 1524.45 1524.61 1524.8 1524.81 1525.01 1525.13 1525.14 1525.14 1525.29 1525.5 1525.65 1525.52 1525.77 1525.79 1525.74 1525.69 1525.72 1525.73 1525.84 1525.62 1525.54 1525.54 1525.48 1525.58 1525.53 1525.68 1525.72 1526.11 1526.24 1526.14 1526.09 1525.95 1525.97 1526.23 1526.21 1526.47 1526.53 1526.81 1526.95 1527.39 1527.77 1527.61 1527.84 1527.91 1528.01 1528.21 1528.41 1528.43 1528.37 1528.44 1528.42 1528.3 1528.25 1528.36 1528.4 1528.24
1524.23 1524.17 1524.17 1524.21 1524.18 1524.15 1524.23 1524.21 1524.22 1524.22 1524.24 1524.38 1524.87 1524.98 1524.86 1524.95 1525.12 1525.15 1525.27 1525.38 1525.45 1525.59 1525.68 1525.79 1525.9 1525.84 1525.62 1525.82 1525.97 1526.02 1526.02 1525.89 1525.75 1525.61 1525.6 1525.93 1525.92 1525.74 1526.1 1526.29 1526.24 1526.18 1525.95 1526.13 1526.16 1526.28 1526.33 1526.3 1526.58 1526.86 1527.26 1527.43 1527.51 1527.54 1527.59 1527.74 1527.89 1527.97 1528.06 1528.11 1528.17 1528.16 1528.13 1527.9 1527.78 1527.79 1527.85
1524.18 1524.16 1524.21 1524.18 1524.17 1524.2 1524.2 1524.21 1524.2 1524.2 1524.29 1524.39 1524.82 1524.76 1524.94 1525.07 1525.2 1525.27 1525.43 1525.55 1525.8 1525.85 1525.93 1525.92 1525.83 1525.74 1525.67 1525.96 1526.32 1526.18 1526.19 1526.08 1526.08 1526.16 1525.93 1525.97 1525.97 1525.76 1525.8 1526.18 1526.26 1526.22 1526.05 1526.02 1526.19 1526.24 1526.23 1526.28 1526.46 1526.78 1527.2 1527.28 1527.33 1527.36 1527.54 1527.85 1527.8 1527.7 1527.87 1527.94 1527.67 1527.5 1527.47 1527.4 1527.32 1527.45 1527.28
1524.15 1524.19 1524.19 1524.2 1524.19 1524.19 1524.19 1524.2 1524.26 1524.21 1524.36 1524.46 1524.56 1524.63 1524.84 1525.01 1525.22 1525.44 1525.6 1525.66 1525.86 1525.96 1525.97 1525.97 1525.84 1525.73 1525.67 1525.93 1526.18 1526.21 1526.11 1526.2 1526.29 1526.43 1526.16 1526.01 1525.82 1525.73 1525.73 1526.05 1526.2 1526.11 1526.18 1526.03 1526.13 1526.31 1526.27 1526.23 1526.32 1526.58 1526.89 1527.24 1527.18 1527.15 1527.32 1527.5 1527.5 1527.37 1527.48 1527.83 1527.22 1527.13 1526.95 1526.96 1526.93 1526.92 1526.8
1524.18 1524.12 1524.21 1524.21 1524.2 1524.15 1524.18 1524.26 1524.25 1524.31 1524.37 1524.53 1524.51 1524.47 1524.66 1524.96 1525.27 1525.5 1525.68 1525.81 1525.9 1526.01 1525.97 1525.99 1525.89 1525.84 1525.83 1525.88 1525.98 1526.09 1526.17 1526.3 1526.39 1526.36 1526.26 1526.12 1525.92 1525.79 1525.85 1525.94 1526.11 1526.21 1526.15 1526.1 1526.18 1526.22 1526.25 1526.19 1526.24 1526.41 1526.86 1526.93 1526.95 1527.02 1527.23 1527.16 1527.17 1527.16 1527.2 1527.07 1526.84 1526.78 1526.65 1526.6 1526.59 1526.55 1526.6
1524.16 1524.16 1524.16 1524.16 1524.2 1524.21 1524.21 1524.25 1524.27 1524.43 1524.5 1524.57 1524.72 1524.7 1524.66 1525.1 1525.36 1525.51 1525.69 1525.76 1525.92 1525.96 1525.94 1526 1525.99 1525.97 1526.04 1525.93 1526 1526.07 1526.2 1526.49 1526.6 1526.5 1526.39 1526.16 1525.97 1525.94 1525.84 1525.92 1526.2 1526.28 1526.09 1526.08 1526.13 1526.03 1526.08 1526.13 1526.2 1526.36 1526.58 1526.79 1526.83 1526.84 1527.06 1526.89 1526.85 1526.78 1526.69 1526.56 1526.56 1526.42 1526.37 1526.32 1526.19 1526.07 1525.93
