Data_Terrain/DTM/DTM_Laret_Edge.txt
ncols	610
nrows	610
xllcorner	785364.01
yllcorner	190694.01
cellsize	1
NODATA_value	-9999
[rows 120 to 149 of 610, columns 469 to 535 of 610]
1529.52 1529.45 1529.17 1529.06 1528.92 1528.64 1528.32 1528.11 1527.96 1527.73 1527.53 1527.19 1526.89 1526.38 1525.86 1525.4 1525.34 1524.95 1524.74 1524.44 1524.04 1523.85 1523.99 1523.7 1523.43 1523.22 1523.2 1523.38 1523.67 1523.83 1523.92 1523.83 1523.57 1523.84 1523.83 1523.69 1523.83 1523.83 1523.78 1523.91 1524.33 1524.3 1524.12 1524.39 1524.46 1524.12 1523.86 1523.48 1523.26 1523.24 1522.99 1522.73 1522.61 1522.57 1522.58 1522.54 1522.33 1522.24 1522.23 1522.08 1521.99 1521.87 1521.8 1521.92 1521.75 1521.54 1521.42
1529.51 1529.37 1529.1 1528.93 1528.78 1528.57 1528.4 1528.32 1528.09 1527.7 1527.46 1527.16 1526.73 1526.23 1525.8 1525.44 1525.06 1524.74 1524.64 1524.18 1523.88 1523.66 1523.85 1523.54 1523.29 1523.05 1523.14 1523.18 1523.31 1523.38 1523.43 1523.48 1523.53 1523.74 1523.95 1523.93 1523.81 1524.04 1523.9 1523.89 1524.2 1524.33 1524.06 1524.17 1524.26 1523.7 1523.55 1523.32 1523.18 1523.08 1522.97 1522.69 1522.57 1522.79 1522.76 1522.74 1522.39 1522.22 1522.16 1522.01 1522.12 1522.01 1522.05 1521.85 1521.73 1521.53 1521.4
1529.59 1529.4 1528.97 1528.83 1528.78 1528.7 1528.57 1528.31 1527.97 1527.72 1527.38 1527.09 1526.64 1526.19 1525.85 1525.49 1525.11 1524.6 1524.45 1524.11 1523.71 1523.52 1523.43 1523.26 1523.12 1522.8 1522.85 1522.98 1523.14 1523.18 1523.26 1523.43 1523.48 1523.65 1523.71 1524.18 1523.94 1524.08 1523.97 1523.92 1524.07 1524.16 1523.91 1524.01 1524.08 1523.53 1523.37 1523.26 1523.16 1523.19 1523 1522.8 1522.66 1522.6 1522.72 1522.49 1522.4 1522.23 1522.2 1522.16 1522.06 1522.02 1522.02 1522.01 1521.89 1521.76 1521.52
1529.4 1529.2 1528.86 1528.84 1528.69 1528.65 1528.42 1528.09 1527.85 1527.61 1527.25 1526.82 1526.53 1526.24 1525.79 1525.41 1525.02 1524.51 1524.33 1524.05 1523.72 1523.44 1523.24 1523.06 1522.85 1522.72 1522.66 1522.77 1522.69 1523 1523.21 1523.46 1523.62 1523.78 1523.76 1524.02 1523.94 1524.01 1523.99 1524.19 1524.05 1523.98 1523.84 1523.85 1523.77 1523.41 1523.22 1523.15 1523.15 1523.28 1523.21 1522.8 1522.6 1522.64 1522.6 1522.37 1522.38 1522.23 1522.2 1522.26 1522.15 1522.06 1522.08 1522.03 1521.9 1521.7 1521.38
1529.25 1528.97 1528.85 1528.68 1528.53 1528.44 1528.21 1528 1527.78 1527.48 1527.09 1526.77 1526.44 1526.08 1525.62 1525.26 1524.97 1524.47 1524.22 1523.97 1523.67 1523.42 1523.14 1522.93 1522.66 1522.64 1522.74 1522.67 1522.72 1522.95 1523.22 1523.48 1523.6 1523.81 1523.87 1523.9 1523.85 1523.71 1523.86 1524.06 1523.94 1523.86 1523.81 1523.65 1523.51 1523.22 1523.25 1523.14 1523.08 1523.03 1523.11 1522.86 1522.67 1522.68 1522.52 1522.27 1522.39 1522.17 1522.17 1522.22 1522.22 1522.19 1522.1 1522.02 1521.98 1521.72 1521.35
1528.92 1528.76 1528.67 1528.65 1528.53 1528.38 1528.13 1527.86 1527.61 1527.42 1527.28 1526.81 1526.46 1525.97 1525.62 1525.34 1525.08 1524.44 1524.1 1523.78 1523.56 1523.33 1523.04 1522.88 1522.67 1522.62 1522.6 1522.51 1522.69 1522.94 1523.25 1523.57 1523.67 1523.66 1523.74 1523.85 1523.66 1523.66 1523.72 1523.91 1523.7 1523.78 1523.97 1523.79 1523.4 1523.2 1523.24 1523.07 1523.04 1523 1523.04 1523 1522.88 1522.67 1522.52 1522.23 1522.24 1522.21 1522.29 1522.2 1522.38 1522.31 1522.13 1521.98 1521.84 1521.67 1521.39
1528.82 1528.75 1528.56 1528.53 1528.41 1528.24 1527.96 1527.72 1527.56 1527.41 1527.21 1526.78 1526.35 1525.86 1525.59 1525.36 1524.89 1524.34 1523.89 1523.55 1523.39 1523.07 1523.02 1522.9 1522.66 1522.55 1522.61 1522.59 1522.73 1522.94 1523.05 1523.43 1523.69 1523.53 1523.61 1523.68 1523.72 1523.68 1523.72 1523.9 1523.65 1523.7 1524.01 1523.83 1523.31 1523 1523.11 1523.09 1523.08 1522.88 1522.89 1523.03 1522.88 1522.55 1522.31 1522.2 1522.21 1522.36 1522.46 1522.26 1522.38 1522.46 1522.21 1521.96 1521.74 1521.53 1521.31
1529.05 1528.76 1528.44 1528.4 1528.23 1528.03 1527.74 1527.57 1527.53 1527.29 1526.97 1526.53 1526.3 1525.86 1525.42 1525.04 1524.66 1524.17 1523.87 1523.53 1523.28 1523.03 1522.99 1522.89 1522.72 1522.61 1522.62 1522.55 1522.71 1522.8 1523.08 1523.42 1523.66 1523.59 1523.58 1523.63 1523.73 1523.92 1523.81 1523.74 1523.5 1523.52 1523.92 1523.78 1523.28 1522.94 1522.99 1523 1522.91 1522.86 1522.72 1522.9 1522.9 1522.55 1522.38 1522.23 1522.24 1522.25 1522.13 1522.15 1522.2 1522.36 1522.4 1522 1521.75 1521.48 1521.32
1528.63 1528.35 1528.19 1528.19 1527.99 1527.79 1527.6 1527.52 1527.4 1527.23 1526.82 1526.56 1526.11 1525.69 1525.2 1524.79 1524.47 1524.04 1523.58 1523.49 1523.22 1523.29 1523.08 1522.93 1522.84 1522.87 1522.68 1522.59 1522.65 1522.81 1523.1 1523.35 1523.63 1523.69 1523.64 1523.57 1523.81 1523.9 1524.06 1523.49 1523.4 1523.58 1523.7 1523.54 1523.27 1522.97 1522.79 1522.86 1522.8 1522.77 1522.73 1522.78 1522.86 1522.64 1522.4 1522.41 1522.19 1522.21 1522.17 1522.08 1522.16 1522.17 1522.3 1522.23 1521.88 1521.52 1521.37
1528.53 1528.19 1527.95 1528.03 1527.86 1527.54 1527.53 1527.5 1527.35 1527.09 1526.87 1526.62 1525.89 1525.5 1524.97 1524.7 1524.39 1523.95 1523.46 1523.33 1523.26 1523.24 1522.99 1522.82 1522.75 1522.66 1522.7 1522.66 1522.84 1522.96 1523.14 1523.39 1523.47 1523.49 1523.54 1523.61 1523.92 1523.93 1523.99 1523.67 1523.36 1523.44 1523.32 1523.38 1523.3 1523 1522.79 1522.69 1522.66 1522.58 1522.59 1522.63 1522.79 1522.5 1522.42 1522.69 1522.53 1522.22 1522.07 1522.06 1522.09 1522.26 1522.21 1522.41 1522.04 1521.59 1521.4
1528.27 1528.02 1527.86 1527.88 1527.76 1527.63 1527.61 1527.49 1527.23 1526.94 1526.72 1526.37 1525.91 1525.47 1525.02 1524.56 1524.26 1523.84 1523.46 1523.26 1523.19 1523.05 1522.82 1522.74 1522.75 1522.62 1522.67 1522.87 1523.05 1523.06 1523.15 1523.43 1523.44 1523.54 1523.65 1523.7 1523.93 1523.92 1523.78 1523.58 1523.53 1523.37 1523.13 1523.17 1523.36 1523.06 1522.81 1522.78 1522.68 1522.73 1522.61 1522.46 1522.37 1522.37 1522.45 1522.6 1522.55 1522.31 1522 1522 1522.21 1522.48 1522.04 1522.05 1522.07 1521.6 1521.46
1528.01 1527.88 1527.72 1527.66 1527.57 1527.57 1527.47 1527.34 1526.99 1526.74 1526.57 1526.22 1525.85 1525.42 1524.89 1524.41 1524.14 1523.78 1523.43 1523.17 1523.09 1523 1522.64 1522.56 1522.7 1522.6 1522.72 1523.05 1523.08 1523.18 1523.29 1523.4 1523.51 1523.63 1523.7 1523.82 1523.8 1523.67 1523.65 1523.45 1523.41 1523.23 1523.12 1523.17 1523.12 1523.19 1523.04 1522.85 1522.65 1522.74 1522.53 1522.4 1522.5 1522.25 1522.37 1522.39 1522.25 1522.12 1521.98 1522.02 1522.21 1522.26 1521.98 1522.04 1521.98 1521.74 1521.54
1527.71 1527.68 1527.57 1527.41 1527.39 1527.3 1527.23 1526.97 1526.73 1526.54 1526.38 1526.05 1525.68 1525.32 1525.02 1524.43 1524.04 1523.7 1523.37 1523.07 1522.99 1522.83 1522.54 1522.41 1522.69 1522.58 1522.66 1522.73 1523.13 1523.21 1523.28 1523.38 1523.39 1523.64 1523.7 1523.74 1523.71 1523.57 1523.67 1523.58 1523.32 1523.26 1523.24 1523.41 1523.12 1523.25 1523.38 1523.01 1522.54 1522.58 1522.5 1522.43 1522.72 1522.36 1522.35 1522.35 1522.23 1522.09 1521.99 1522.02 1522.06 1522.08 1521.94 1521.9 1521.91 1521.77 1521.61
1527.41 1527.44 1527.35 1527.21 1527.15 1527.01 1526.82 1526.71 1526.57 1526.44 1526.3 1526.08 1525.85 1525.5 1524.93 1524.35 1524 1523.66 1523.24 1522.97 1522.91 1522.78 1522.55 1522.46 1522.58 1522.66 1522.68 1522.79 1522.99 1523.11 1523.25 1523.55 1523.59 1523.28 1523.33 1523.49 1523.56 1523.47 1523.57 1523.34 1523.28 1523.47 1523.51 1523.2 1523.08 1523.03 1523.33 1522.97 1522.68 1522.5 1522.45 1522.46 1522.43 1522.44 1522.41 1522.33 1522.25 1522.13 1522.06 1522 1522 1522.14 1521.97 1521.83 1521.9 1521.71 1521.63
1527.03 1527.16 1527.12 1526.98 1526.86 1526.77 1526.54 1526.41 1526.36 1526.32 1526.25 1526.05 1525.75 1525.36 1524.92 1524.29 1524.04 1523.75 1523.42 1523.05 1522.86 1522.69 1522.58 1522.55 1522.57 1522.59 1522.62 1522.71 1522.85 1522.98 1523.19 1523.53 1523.6 1523.36 1523.37 1523.46 1523.47 1523.37 1523.33 1523.26 1523.23 1523.28 1523.28 1523.35 1523.14 1523.18 1523.32 1523.29 1522.81 1522.48 1522.36 1522.36 1522.35 1522.34 1522.21 1522.12 1522.11 1522.09 1522.17 1522.16 1522.11 1522.22 1522.07 1521.69 1521.71 1521.63 1521.53
1526.95 1526.82 1526.82 1526.8 1526.74 1526.56 1526.38 1526.27 1526.27 1526.32 1526.03 1525.75 1525.53 1525.19 1524.84 1524.35 1523.98 1523.77 1523.44 1523.31 1523.08 1522.69 1522.58 1522.7 1522.72 1522.66 1522.6 1522.62 1522.8 1522.9 1523.12 1523.38 1523.45 1523.33 1523.54 1523.42 1523.41 1523.39 1523.51 1523.54 1523.41 1523.46 1523.54 1523.34 1523.21 1523.02 1523.14 1523.2 1522.68 1522.5 1522.52 1522.43 1522.34 1522.23 1522.21 1522.19 1522.25 1522.18 1522.13 1522.11 1522.08 1522.16 1521.93 1521.74 1521.61 1521.57 1521.49
1526.88 1526.69 1526.57 1526.63 1526.65 1526.35 1526.32 1526.22 1526.33 1526.4 1525.97 1525.51 1525.19 1524.94 1524.75 1524.34 1524.02 1523.73 1523.57 1523.34 1523.07 1522.93 1522.86 1523.02 1522.87 1522.77 1522.53 1522.55 1522.79 1522.83 1523.13 1523.27 1523.3 1523.39 1523.35 1523.39 1523.4 1523.55 1523.62 1523.72 1523.72 1523.74 1523.58 1523.54 1523.48 1523.24 1523.02 1522.77 1522.63 1522.53 1522.56 1522.55 1522.44 1522.27 1522.18 1522.18 1522.26 1522.23 1522.06 1522.01 1522.02 1521.96 1521.86 1521.76 1521.54 1521.48 1521.29
1526.64 1526.54 1526.35 1526.45 1526.26 1526.14 1526.2 1526.24 1526.29 1526.5 1525.91 1525.53 1525.08 1524.8 1524.52 1524.24 1523.98 1523.81 1523.63 1523.32 1523.18 1523.02 1522.95 1523.12 1522.96 1522.67 1522.5 1522.63 1522.69 1522.95 1523.1 1523.14 1523.18 1523.21 1523.25 1523.35 1523.52 1523.65 1523.69 1523.7 1523.79 1523.75 1523.65 1523.41 1523.54 1523.32 1523.11 1522.96 1522.77 1522.65 1522.36 1522.49 1522.43 1522.25 1522.18 1522.1 1521.98 1521.97 1521.92 1521.84 1521.79 1522.07 1522.01 1521.74 1521.5 1521.31 1521.34
1526.39 1526.27 1526.18 1526.17 1526.1 1526.1 1526.16 1526.06 1525.96 1525.93 1525.66 1525.4 1525.09 1524.7 1524.34 1524.17 1524.01 1523.93 1523.5 1523.24 1523.12 1522.87 1522.87 1522.99 1523.01 1522.76 1522.59 1522.63 1522.75 1522.9 1523.05 1523.12 1523.21 1523.27 1523.32 1523.38 1523.6 1523.71 1523.87 1523.75 1524 1523.97 1523.84 1523.66 1523.4 1523.4 1523.17 1522.98 1522.82 1522.61 1522.43 1522.35 1522.35 1522.23 1522.09 1522.02 1521.96 1521.9 1521.82 1521.78 1521.86 1522.07 1522.01 1521.53 1521.36 1521.49 1521.63
1526.3 1526.2 1526.17 1526.07 1526.04 1526.11 1526.28 1525.86 1525.68 1525.56 1525.45 1525.29 1525.04 1524.71 1524.38 1524.11 1524.01 1523.82 1523.57 1523.46 1523.25 1522.97 1522.9 1523.02 1522.81 1522.81 1522.79 1522.81 1522.92 1522.87 1523.06 1523.26 1523.41 1523.43 1523.52 1523.51 1523.72 1523.79 1523.92 1523.8 1523.96 1524.19 1524.02 1523.78 1523.51 1523.62 1523.39 1523.02 1522.8 1522.66 1522.48 1522.29 1522.26 1522.19 1522.09 1522.06 1522 1521.9 1521.77 1521.76 1521.78 1521.84 1521.66 1521.41 1521.53 1521.72 1521.63
1526.04 1525.96 1525.95 1525.86 1525.86 1525.93 1525.83 1525.65 1525.45 1525.36 1525.28 1525.1 1524.92 1524.71 1524.48 1524.15 1524.09 1523.81 1523.52 1523.7 1523.58 1523.37 1523.1 1523.04 1522.93 1522.85 1522.82 1522.94 1522.98 1523.06 1523.16 1523.33 1523.42 1523.57 1523.82 1523.69 1523.81 1523.88 1523.76 1523.85 1523.96 1524.1 1524.04 1523.98 1523.78 1523.85 1523.73 1523.25 1522.91 1522.64 1522.45 1522.27 1522.22 1522.15 1522.07 1522.05 1522.01 1521.94 1521.83 1521.76 1521.7 1521.67 1521.64 1521.25 1521.71 1521.76 1521.64
1525.89 1525.75 1525.68 1525.65 1525.62 1525.59 1525.6 1525.59 1525.46 1525.24 1525.1 1524.94 1524.77 1524.59 1524.39 1524.13 1523.9 1523.7 1523.74 1523.98 1523.75 1523.58 1523.39 1523.17 1523.08 1523.05 1523.03 1523.16 1523.24 1523.36 1523.56 1523.61 1523.71 1523.87 1524.11 1524.09 1523.97 1523.95 1523.94 1523.8 1523.93 1524.12 1524.08 1523.94 1523.75 1523.87 1523.82 1523.25 1523.18 1522.52 1522.44 1522.34 1522.27 1522.18 1522.02 1522.2 1522.1 1521.97 1521.86 1521.77 1521.66 1521.54 1521.61 1521.84 1521.69 1521.63 1521.68
1525.76 1525.62 1525.53 1525.47 1525.44 1525.46 1525.54 1525.48 1525.35 1525.16 1524.97 1524.82 1524.8 1524.48 1524.42 1524.2 1523.86 1523.79 1523.85 1523.83 1523.79 1523.63 1523.61 1523.45 1523.29 1523.32 1523.37 1523.56 1523.75 1523.75 1523.92 1524.06 1524.1 1524.23 1524.31 1524.28 1524.24 1524.09 1524.01 1523.94 1523.96 1524.03 1523.98 1523.79 1523.71 1523.76 1523.63 1523.53 1523.18 1522.72 1522.54 1522.39 1522.27 1522.01 1521.97 1522.17 1522.09 1521.98 1521.82 1521.74 1521.65 1521.47 1521.9 1521.85 1521.73 1521.68 1521.76
1525.5 1525.39 1525.37 1525.32 1525.38 1525.36 1525.32 1525.27 1525.19 1525.02 1524.8 1524.73 1524.73 1524.4 1524.45 1524.15 1523.87 1523.94 1523.86 1523.85 1523.83 1523.75 1523.76 1523.69 1523.52 1523.62 1523.71 1523.8 1523.93 1523.99 1524.27 1524.44 1524.34 1524.17 1524.32 1524.2 1524.09 1524.18 1524.38 1524.12 1524.13 1524.13 1523.78 1523.76 1523.87 1523.87 1523.71 1523.53 1523.12 1522.7 1522.34 1522.27 1522.31 1522.1 1521.96 1522.14 1522.06 1521.92 1521.77 1521.66 1521.54 1521.82 1522.01 1521.84 1521.74 1521.77 1521.76
1525.36 1525.23 1525.2 1525.23 1525.24 1525.14 1525.1 1525.07 1525.03 1524.87 1524.69 1524.65 1524.61 1524.33 1524.26 1524.14 1524.08 1524.08 1524.03 1523.96 1523.85 1523.85 1523.84 1523.78 1523.76 1523.79 1523.94 1523.99 1524.05 1524.21 1524.54 1524.52 1524.51 1524.54 1524.28 1524.35 1524.49 1524.22 1524.3 1524.22 1524.23 1524.22 1524.06 1523.72 1523.64 1523.76 1523.62 1523.39 1523.06 1522.75 1522.31 1522.23 1522.21 1522.1 1522.11 1522.09 1522.02 1521.85 1521.79 1521.55 1521.73 1522.06 1521.93 1521.85 1521.81 1521.77 1521.78
1525.25 1525.15 1525.08 1525.13 1524.98 1525 1524.87 1524.88 1524.8 1524.81 1524.62 1524.48 1524.39 1524.29 1524.33 1524.26 1524.32 1524.37 1524.35 1524.26 1524.1 1524.06 1524.03 1523.89 1523.84 1523.96 1524.29 1524.17 1524.15 1524.39 1524.68 1524.64 1524.59 1524.47 1524.45 1524.57 1524.53 1524.32 1524.29 1524.4 1524.18 1524.2 1524.01 1523.56 1523.5 1523.57 1523.41 1523.13 1522.87 1522.73 1522.42 1522.23 1522.15 1522.15 1522.08 1522.03 1521.96 1521.81 1521.58 1521.86 1522 1521.87 1521.9 1521.79 1521.84 1521.86 1521.88
1525.1 1524.97 1524.9 1525.07 1524.97 1524.9 1524.82 1524.85 1524.82 1524.89 1524.67 1524.51 1524.53 1524.6 1524.5 1524.46 1524.58 1524.68 1524.71 1524.82 1524.46 1524.18 1524.13 1524.04 1523.97 1524.07 1524.18 1524.23 1524.34 1524.5 1524.73 1524.76 1524.73 1524.68 1524.82 1524.86 1524.69 1524.53 1524.3 1524.37 1523.93 1523.93 1523.95 1523.6 1523.31 1523.29 1523.37 1523.13 1522.77 1522.56 1522.36 1522.27 1522.21 1522.12 1522.02 1521.94 1521.84 1521.62 1521.87 1522.15 1522.08 1521.97 1521.89 1521.89 1521.88 1521.94 1521.98
1524.99 1524.87 1524.85 1525.13 1525.11 1525.03 1524.95 1524.96 1524.93 1525.07 1524.79 1524.72 1524.72 1524.82 1524.91 1524.75 1524.72 1524.77 1524.79 1524.59 1524.36 1524.27 1524.24 1524.24 1524.19 1524.2 1524.28 1524.57 1524.82 1524.66 1524.77 1524.66 1524.67 1524.71 1524.92 1525.1 1524.96 1524.59 1524.45 1524.25 1523.98 1523.8 1523.83 1523.5 1523.28 1523.09 1523.13 1523.07 1522.55 1522.42 1522.28 1522.28 1522.2 1522.11 1522.02 1521.85 1521.78 1522.09 1522.09 1522.09 1522.03 1521.96 1521.9 1521.88 1521.95 1521.98 1521.97
1524.97 1524.96 1524.96 1525.19 1525.32 1525.25 1525.31 1525.07 1525 1525.02 1525 1524.93 1525.02 1524.91 1524.91 1524.9 1524.8 1524.89 1524.81 1524.53 1524.41 1524.36 1524.41 1524.44 1524.45 1524.46 1524.98 1524.86 1524.88 1524.85 1524.86 1524.77 1524.65 1524.66 1524.67 1524.87 1524.92 1525.11 1524.81 1524.44 1524.26 1524.02 1523.76 1523.57 1523.29 1523.08 1522.89 1522.76 1522.61 1522.42 1522.21 1522.15 1522.08 1522.04 1522 1521.72 1522.21 1522.31 1522.2 1522.07 1521.99 1521.96 1522 1521.95 1521.94 1522.01 1522.08
1525.13 1525.12 1525.08 1525.16 1525.14 1525.12 1525.22 1525.07 1524.96 1524.99 1525.05 1525.17 1525.1 1524.98 1524.92 1524.88 1524.83 1524.79 1524.76 1524.7 1524.54 1524.59 1524.64 1524.6 1524.59 1524.84 1525.05 1524.83 1524.79 1525 1525.01 1525.1 1525.03 1524.94 1524.79 1524.86 1525.03 1524.99 1524.89 1524.74 1524.58 1524.24 1523.87 1523.76 1523.41 1522.98 1522.73 1522.58 1522.56 1522.31 1522.27 1522.04 1522.06 1522.03 1521.79 1522.31 1522.48 1522.13 1522.07 1522.08 1521.93 1522.08 1522.01 1522 1521.99 1522.06 1522.03
