Data_Terrain/DEM/dem_50m_clip.txt
ncols	400
nrows	400
xllcorner	775674
yllcorner	181024
cellsize	50
NODATA_value	-9999
[rows 342 to 379 of 400, columns 252 to 335 of 400]
2570 2560 2540 2520 2500 2480 2460 2440 2420 2410 2400 2390 2370 2350 2330 2310 2290 2280 2260 2240 2220 2200 2180 2160 2140 2110 2090 2080 2060 2050 2040 2040 2030 2030 2020 2020 2020 2020 2030 2040 2060 2070 2080 2100 2120 2140 2170 2180 2210 2230 2260 2290 2300 2330 2360 2390 2410 2440 2460 2490 2510 2530 2540 2550 2550 2560 2560 2560 2560 2570 2580 2580 2590 2600 2610 2630 2650 2670 2680 2700 2700 2710 2700 2680
2570 2560 2550 2530 2500 2480 2460 2450 2440 2420 2410 2400 2380 2360 2350 2340 2320 2300 2280 2260 2240 2210 2200 2180 2160 2140 2120 2100 2090 2070 2060 2060 2050 2050 2040 2040 2040 2030 2040 2040 2050 2070 2080 2090 2110 2130 2160 2180 2210 2230 2260 2280 2310 2330 2360 2380 2410 2430 2460 2480 2500 2520 2540 2550 2550 2550 2550 2550 2560 2560 2570 2580 2590 2600 2610 2620 2640 2660 2680 2690 2700 2710 2700 2690
2560 2560 2550 2530 2500 2480 2460 2450 2440 2440 2430 2410 2400 2380 2370 2360 2340 2330 2310 2290 2270 2250 2230 2210 2190 2170 2150 2130 2110 2100 2090 2080 2070 2070 2060 2060 2050 2050 2050 2050 2060 2070 2080 2090 2110 2130 2160 2190 2210 2240 2260 2280 2310 2330 2360 2380 2400 2430 2450 2470 2490 2510 2530 2540 2540 2540 2540 2550 2550 2560 2560 2570 2580 2590 2600 2620 2640 2660 2680 2690 2700 2710 2700 2690
2560 2560 2550 2530 2510 2480 2460 2450 2440 2440 2430 2420 2410 2400 2380 2370 2360 2340 2320 2300 2280 2270 2250 2230 2210 2200 2180 2160 2140 2120 2110 2100 2090 2080 2080 2070 2070 2060 2070 2060 2070 2070 2080 2090 2100 2130 2150 2180 2210 2240 2270 2290 2320 2340 2360 2380 2400 2420 2440 2460 2480 2500 2520 2530 2530 2540 2540 2540 2540 2550 2560 2570 2580 2590 2600 2610 2630 2660 2680 2690 2700 2710 2700 2690
2560 2560 2540 2530 2510 2480 2460 2450 2440 2430 2430 2420 2410 2400 2390 2380 2370 2360 2350 2320 2300 2290 2280 2260 2240 2220 2200 2180 2170 2150 2130 2120 2110 2100 2090 2090 2090 2080 2080 2070 2070 2070 2070 2090 2110 2120 2150 2180 2210 2240 2260 2280 2310 2330 2350 2370 2390 2410 2430 2450 2470 2490 2510 2520 2530 2530 2530 2530 2540 2540 2550 2570 2580 2590 2600 2620 2630 2660 2680 2690 2700 2710 2700 2690
2560 2560 2550 2540 2510 2490 2460 2440 2430 2430 2420 2420 2410 2400 2390 2380 2380 2370 2360 2340 2320 2310 2290 2280 2260 2250 2230 2210 2190 2180 2160 2140 2130 2120 2110 2100 2100 2090 2080 2080 2070 2070 2070 2080 2090 2120 2150 2180 2210 2230 2260 2280 2300 2320 2350 2370 2390 2400 2420 2440 2460 2480 2500 2510 2510 2520 2520 2520 2530 2540 2550 2560 2570 2580 2600 2610 2630 2650 2680 2690 2700 2710 2700 2690
2560 2560 2550 2540 2520 2490 2460 2440 2430 2420 2420 2410 2410 2400 2390 2380 2380 2370 2360 2350 2340 2320 2310 2300 2290 2270 2250 2240 2220 2200 2190 2170 2150 2140 2130 2120 2110 2100 2090 2080 2070 2070 2060 2080 2100 2110 2140 2170 2200 2230 2250 2270 2290 2310 2340 2360 2380 2400 2410 2430 2450 2470 2480 2500 2500 2500 2500 2500 2510 2520 2540 2550 2570 2580 2590 2610 2630 2650 2680 2690 2700 2710 2700 2680
2560 2560 2550 2540 2520 2490 2470 2450 2430 2420 2410 2410 2410 2400 2390 2390 2380 2370 2360 2350 2350 2340 2330 2320 2310 2290 2280 2260 2250 2230 2210 2190 2180 2160 2140 2130 2120 2110 2100 2090 2070 2060 2060 2070 2090 2110 2140 2170 2190 2220 2240 2260 2280 2300 2320 2350 2370 2390 2400 2420 2430 2460 2470 2480 2490 2490 2490 2490 2500 2510 2520 2540 2560 2570 2590 2610 2630 2650 2680 2700 2710 2710 2700 2680
2570 2560 2550 2540 2520 2500 2470 2450 2430 2420 2410 2410 2410 2400 2400 2390 2380 2370 2360 2360 2350 2340 2330 2330 2320 2310 2300 2290 2270 2250 2240 2220 2200 2170 2160 2150 2130 2110 2100 2090 2080 2070 2070 2070 2090 2110 2130 2160 2180 2210 2230 2250 2270 2290 2310 2330 2360 2380 2390 2410 2420 2440 2460 2470 2480 2490 2490 2490 2490 2500 2510 2530 2550 2570 2590 2610 2640 2660 2690 2700 2710 2710 2700 2680
2580 2570 2560 2540 2520 2500 2480 2460 2440 2430 2420 2410 2410 2400 2400 2390 2390 2380 2360 2360 2350 2340 2340 2340 2330 2330 2310 2300 2290 2270 2250 2240 2220 2200 2180 2160 2140 2130 2120 2110 2090 2080 2070 2070 2080 2100 2120 2150 2170 2200 2220 2240 2260 2280 2300 2320 2340 2360 2380 2400 2410 2430 2440 2450 2460 2470 2480 2480 2480 2490 2500 2520 2540 2560 2580 2600 2630 2650 2680 2700 2710 2710 2700 2690
2580 2570 2560 2550 2530 2510 2490 2470 2450 2430 2420 2420 2410 2410 2410 2400 2390 2380 2370 2360 2350 2340 2340 2340 2340 2330 2320 2320 2300 2280 2270 2250 2230 2210 2190 2170 2160 2140 2130 2120 2100 2090 2080 2080 2090 2100 2120 2140 2170 2190 2210 2230 2250 2270 2290 2310 2330 2350 2370 2390 2400 2420 2430 2440 2450 2460 2460 2470 2480 2490 2500 2510 2530 2550 2570 2600 2620 2650 2680 2700 2710 2710 2710 2690
2590 2580 2570 2550 2540 2520 2500 2480 2460 2440 2430 2420 2420 2420 2410 2410 2400 2390 2370 2360 2350 2340 2340 2340 2340 2340 2330 2320 2310 2290 2280 2260 2240 2220 2200 2190 2180 2160 2150 2130 2120 2100 2090 2080 2090 2090 2110 2130 2160 2180 2200 2220 2240 2260 2280 2300 2320 2340 2360 2370 2390 2410 2410 2420 2430 2440 2450 2460 2470 2480 2490 2500 2520 2540 2560 2590 2610 2640 2670 2690 2710 2720 2710 2700
2590 2590 2580 2560 2540 2530 2510 2490 2470 2450 2440 2430 2420 2420 2420 2410 2410 2390 2380 2360 2350 2340 2340 2340 2340 2340 2340 2330 2320 2300 2290 2270 2250 2230 2210 2200 2190 2170 2160 2150 2130 2110 2100 2090 2090 2090 2100 2120 2150 2170 2190 2210 2230 2250 2270 2290 2310 2330 2350 2360 2380 2400 2410 2420 2420 2430 2440 2450 2460 2470 2480 2490 2510 2530 2550 2580 2600 2630 2660 2690 2710 2720 2720 2710
2600 2600 2590 2570 2550 2540 2520 2500 2480 2460 2450 2440 2430 2430 2420 2420 2410 2400 2390 2370 2360 2350 2350 2350 2340 2340 2340 2330 2320 2310 2300 2280 2260 2240 2220 2210 2190 2180 2170 2160 2140 2120 2110 2090 2090 2090 2100 2110 2140 2160 2180 2200 2220 2240 2260 2280 2300 2320 2330 2350 2370 2380 2400 2400 2410 2420 2420 2440 2450 2460 2470 2490 2500 2520 2540 2570 2590 2620 2650 2680 2710 2720 2720 2720
2600 2600 2600 2580 2570 2550 2530 2510 2500 2480 2460 2450 2440 2440 2430 2420 2410 2400 2390 2380 2360 2350 2350 2350 2340 2340 2340 2330 2320 2310 2300 2290 2270 2250 2230 2220 2200 2190 2180 2170 2150 2140 2120 2100 2090 2090 2090 2110 2130 2150 2170 2190 2210 2230 2250 2270 2290 2310 2320 2340 2360 2370 2390 2400 2410 2410 2420 2420 2430 2450 2460 2480 2500 2520 2530 2550 2580 2610 2640 2670 2700 2720 2730 2730
2600 2610 2600 2590 2580 2560 2540 2520 2510 2490 2480 2470 2460 2450 2440 2430 2420 2410 2400 2390 2370 2360 2350 2350 2340 2340 2340 2330 2330 2320 2310 2300 2290 2270 2250 2230 2210 2200 2180 2170 2160 2150 2130 2110 2100 2090 2090 2100 2120 2140 2160 2180 2200 2220 2240 2260 2280 2300 2310 2330 2350 2360 2380 2390 2400 2400 2410 2420 2430 2440 2450 2470 2490 2510 2530 2550 2570 2600 2630 2660 2690 2720 2730 2730
2590 2610 2610 2600 2590 2570 2560 2540 2530 2510 2500 2490 2480 2460 2450 2440 2430 2420 2410 2390 2380 2360 2350 2350 2340 2340 2340 2330 2330 2320 2310 2310 2290 2280 2250 2230 2220 2200 2190 2180 2170 2150 2140 2120 2110 2100 2090 2100 2120 2140 2160 2170 2190 2210 2230 2250 2270 2290 2310 2320 2340 2360 2370 2380 2390 2400 2410 2420 2430 2440 2450 2460 2480 2500 2520 2540 2570 2600 2630 2660 2690 2710 2730 2730
2580 2600 2600 2600 2590 2580 2580 2570 2550 2540 2530 2510 2500 2480 2470 2460 2440 2430 2410 2400 2390 2380 2370 2360 2350 2350 2340 2340 2330 2320 2320 2310 2300 2280 2260 2240 2220 2210 2190 2180 2170 2160 2150 2140 2120 2110 2100 2110 2120 2130 2150 2170 2180 2200 2220 2240 2260 2280 2300 2320 2330 2350 2360 2380 2390 2400 2410 2420 2430 2440 2450 2460 2480 2500 2520 2540 2560 2590 2620 2650 2680 2710 2720 2730
2560 2580 2600 2600 2600 2590 2590 2580 2570 2570 2550 2540 2520 2510 2490 2470 2450 2440 2430 2420 2410 2390 2380 2370 2360 2360 2350 2340 2330 2320 2320 2310 2300 2290 2270 2250 2230 2210 2200 2180 2170 2160 2160 2150 2140 2130 2120 2110 2120 2130 2140 2160 2170 2190 2210 2230 2250 2270 2290 2310 2320 2340 2360 2370 2390 2400 2410 2420 2430 2440 2450 2460 2480 2500 2520 2540 2560 2590 2620 2650 2670 2700 2720 2730
2540 2570 2590 2600 2600 2600 2600 2600 2600 2590 2580 2570 2560 2540 2520 2500 2470 2450 2440 2430 2420 2410 2400 2390 2380 2370 2360 2350 2340 2330 2320 2310 2300 2290 2280 2260 2240 2220 2200 2190 2180 2170 2170 2160 2160 2150 2140 2130 2130 2130 2140 2150 2170 2180 2200 2220 2240 2260 2280 2300 2320 2330 2350 2370 2380 2400 2410 2420 2430 2440 2450 2470 2480 2500 2520 2540 2560 2590 2620 2640 2670 2690 2710 2730
2530 2550 2570 2590 2600 2600 2600 2610 2610 2610 2610 2600 2590 2570 2540 2520 2490 2470 2450 2440 2430 2420 2410 2400 2390 2380 2370 2350 2350 2340 2320 2310 2300 2290 2280 2270 2250 2230 2210 2190 2180 2180 2180 2170 2170 2160 2150 2140 2140 2140 2150 2150 2160 2170 2190 2210 2230 2250 2270 2290 2310 2330 2340 2360 2380 2390 2410 2420 2430 2450 2460 2470 2490 2510 2530 2540 2560 2590 2620 2640 2670 2690 2710 2720
2510 2540 2560 2580 2590 2600 2610 2620 2620 2630 2630 2620 2610 2590 2560 2540 2520 2490 2480 2460 2450 2440 2430 2410 2400 2390 2380 2370 2360 2350 2330 2320 2310 2300 2290 2270 2250 2230 2220 2210 2200 2190 2190 2190 2180 2170 2170 2160 2150 2150 2150 2150 2150 2160 2180 2200 2220 2240 2260 2280 2300 2320 2340 2350 2380 2400 2410 2420 2440 2450 2460 2480 2490 2510 2530 2550 2570 2590 2620 2640 2670 2690 2710 2720
2490 2520 2550 2570 2580 2600 2610 2630 2630 2640 2640 2640 2630 2610 2590 2570 2540 2510 2490 2480 2470 2450 2440 2430 2410 2400 2390 2380 2370 2360 2340 2320 2320 2310 2290 2280 2260 2240 2230 2220 2210 2210 2210 2200 2200 2190 2180 2170 2160 2150 2150 2150 2150 2160 2170 2190 2210 2230 2250 2280 2300 2320 2330 2350 2370 2390 2410 2430 2440 2450 2470 2480 2500 2520 2530 2550 2570 2600 2620 2640 2660 2680 2700 2720
2470 2500 2530 2550 2570 2590 2610 2630 2640 2650 2650 2650 2650 2640 2610 2590 2560 2530 2510 2500 2480 2470 2450 2440 2430 2420 2400 2390 2380 2370 2350 2340 2330 2310 2300 2280 2270 2250 2230 2230 2230 2230 2230 2220 2220 2210 2200 2190 2180 2160 2150 2150 2150 2160 2170 2190 2210 2230 2250 2270 2290 2310 2330 2350 2360 2380 2400 2420 2440 2450 2470 2480 2500 2510 2530 2550 2580 2600 2630 2650 2660 2680 2700 2720
2460 2490 2510 2540 2560 2580 2610 2630 2650 2650 2660 2660 2660 2650 2640 2610 2590 2570 2540 2510 2500 2480 2470 2450 2440 2430 2410 2400 2390 2380 2360 2350 2340 2320 2310 2290 2270 2260 2250 2240 2240 2240 2240 2240 2230 2230 2220 2200 2190 2170 2160 2150 2150 2160 2170 2180 2200 2220 2240 2260 2280 2300 2320 2350 2370 2380 2400 2420 2440 2450 2470 2490 2510 2520 2540 2560 2580 2600 2630 2650 2660 2670 2690 2710
2440 2470 2500 2520 2550 2570 2600 2620 2640 2660 2670 2670 2670 2670 2650 2640 2620 2590 2560 2530 2510 2490 2480 2470 2460 2440 2420 2410 2400 2380 2370 2360 2350 2330 2320 2300 2280 2270 2260 2250 2250 2250 2250 2250 2250 2240 2230 2220 2200 2190 2170 2160 2160 2160 2160 2180 2190 2210 2230 2250 2270 2290 2310 2330 2350 2370 2400 2420 2440 2460 2480 2490 2500 2520 2540 2560 2590 2610 2640 2650 2660 2670 2680 2700
2430 2450 2480 2510 2530 2560 2590 2610 2640 2660 2670 2680 2690 2690 2680 2660 2640 2610 2580 2550 2530 2510 2490 2480 2470 2450 2440 2420 2400 2390 2370 2360 2350 2340 2330 2310 2290 2280 2260 2260 2260 2260 2260 2260 2260 2260 2250 2230 2220 2200 2180 2170 2160 2160 2160 2170 2180 2200 2220 2240 2260 2280 2310 2340 2350 2370 2390 2410 2430 2460 2480 2490 2510 2530 2550 2570 2590 2610 2630 2650 2660 2670 2680 2700
2410 2440 2460 2490 2520 2540 2570 2600 2630 2650 2670 2690 2700 2700 2700 2680 2660 2630 2610 2580 2560 2540 2520 2500 2480 2470 2450 2430 2410 2390 2380 2370 2350 2340 2330 2320 2310 2290 2270 2270 2260 2260 2260 2260 2260 2270 2260 2250 2240 2220 2200 2180 2160 2160 2160 2170 2180 2200 2220 2240 2260 2280 2300 2320 2340 2370 2390 2410 2430 2460 2480 2500 2510 2530 2550 2570 2590 2610 2630 2640 2650 2660 2670 2690
2390 2420 2450 2470 2500 2530 2550 2580 2610 2640 2660 2680 2700 2710 2710 2700 2680 2660 2630 2600 2580 2550 2530 2510 2500 2480 2460 2440 2410 2400 2380 2370 2360 2350 2340 2330 2320 2300 2290 2280 2270 2270 2270 2270 2270 2270 2270 2260 2250 2230 2210 2190 2180 2170 2160 2160 2180 2190 2210 2230 2250 2280 2300 2320 2340 2360 2390 2420 2430 2460 2490 2500 2520 2540 2550 2570 2590 2610 2620 2640 2650 2660 2670 2680
2380 2400 2430 2460 2480 2510 2540 2560 2590 2620 2650 2670 2690 2710 2710 2710 2700 2680 2650 2620 2590 2570 2540 2530 2510 2490 2470 2450 2420 2400 2380 2370 2360 2350 2340 2330 2320 2310 2300 2290 2280 2270 2270 2270 2280 2280 2280 2270 2260 2240 2220 2200 2190 2170 2160 2160 2180 2200 2210 2230 2250 2270 2290 2310 2340 2360 2380 2410 2430 2460 2490 2500 2520 2540 2560 2580 2590 2610 2620 2630 2640 2650 2660 2670
2360 2390 2410 2440 2470 2490 2520 2550 2570 2600 2630 2650 2680 2700 2710 2720 2710 2700 2670 2640 2610 2590 2560 2540 2520 2510 2490 2460 2430 2410 2390 2380 2370 2360 2350 2340 2330 2320 2310 2290 2290 2280 2280 2280 2280 2290 2290 2280 2270 2250 2230 2210 2190 2180 2170 2170 2180 2190 2210 2230 2250 2270 2290 2310 2330 2350 2380 2410 2440 2460 2490 2500 2520 2540 2560 2580 2590 2610 2620 2630 2640 2640 2650 2660
2340 2370 2400 2420 2450 2480 2500 2530 2550 2580 2610 2630 2660 2690 2710 2720 2720 2710 2690 2660 2630 2610 2580 2560 2540 2520 2500 2470 2450 2420 2400 2380 2370 2360 2350 2340 2330 2320 2310 2300 2300 2290 2290 2290 2300 2300 2290 2290 2280 2260 2240 2220 2200 2190 2170 2170 2180 2200 2210 2220 2240 2260 2290 2310 2330 2350 2370 2400 2430 2460 2480 2500 2520 2540 2560 2580 2590 2610 2620 2630 2630 2640 2640 2650
2320 2350 2380 2400 2430 2460 2480 2510 2540 2560 2590 2620 2640 2660 2680 2700 2710 2710 2700 2680 2650 2620 2600 2570 2550 2530 2510 2490 2460 2430 2410 2390 2380 2370 2360 2350 2340 2330 2320 2310 2310 2300 2300 2300 2310 2310 2300 2300 2280 2270 2250 2230 2210 2190 2180 2180 2180 2190 2200 2220 2240 2260 2280 2300 2320 2340 2370 2400 2430 2460 2480 2500 2520 2540 2560 2580 2590 2610 2620 2630 2630 2630 2640 2650
2300 2330 2360 2390 2410 2440 2470 2490 2520 2550 2570 2600 2610 2630 2650 2670 2690 2700 2690 2680 2660 2640 2610 2590 2560 2540 2520 2500 2480 2450 2420 2400 2380 2370 2370 2360 2350 2340 2330 2320 2320 2320 2310 2310 2310 2310 2310 2300 2290 2280 2260 2240 2220 2200 2190 2180 2180 2190 2200 2220 2240 2260 2280 2300 2320 2340 2360 2390 2430 2450 2480 2500 2520 2540 2560 2580 2590 2610 2620 2630 2630 2640 2640 2660
2280 2310 2340 2370 2390 2420 2450 2470 2500 2530 2550 2580 2600 2610 2630 2650 2660 2680 2680 2680 2670 2650 2630 2600 2580 2560 2530 2510 2490 2470 2440 2410 2390 2380 2380 2370 2360 2350 2340 2340 2330 2330 2320 2320 2320 2320 2310 2310 2300 2280 2270 2250 2230 2210 2200 2180 2180 2180 2190 2210 2230 2250 2270 2290 2310 2330 2360 2390 2420 2450 2470 2500 2530 2540 2560 2580 2590 2610 2620 2630 2640 2640 2650 2670
2260 2290 2320 2350 2380 2400 2430 2450 2480 2500 2530 2560 2580 2590 2600 2620 2640 2660 2670 2670 2670 2660 2650 2620 2600 2570 2550 2520 2500 2480 2460 2430 2400 2390 2390 2380 2370 2360 2360 2350 2340 2340 2330 2330 2330 2320 2320 2310 2300 2290 2280 2260 2240 2220 2200 2190 2180 2180 2190 2210 2230 2250 2270 2290 2310 2330 2350 2380 2410 2440 2470 2490 2510 2540 2560 2580 2590 2610 2620 2630 2640 2660 2670 2690
2240 2270 2300 2330 2360 2380 2410 2440 2460 2480 2510 2540 2560 2570 2590 2610 2630 2640 2650 2660 2670 2670 2660 2640 2620 2590 2570 2550 2530 2500 2480 2450 2430 2400 2390 2380 2380 2370 2370 2360 2350 2340 2340 2330 2330 2320 2320 2310 2310 2300 2280 2270 2250 2230 2210 2190 2180 2190 2200 2210 2230 2240 2260 2280 2300 2320 2350 2370 2400 2430 2460 2490 2510 2530 2550 2580 2600 2610 2620 2640 2650 2670 2690 2710
2220 2250 2280 2310 2340 2360 2390 2420 2450 2460 2490 2510 2540 2550 2570 2590 2610 2620 2640 2650 2660 2660 2660 2650 2640 2610 2580 2560 2540 2520 2500 2470 2440 2420 2410 2400 2390 2380 2380 2370 2360 2360 2350 2340 2330 2330 2320 2320 2310 2300 2290 2280 2260 2240 2220 2200 2190 2190 2200 2220 2230 2240 2260 2280 2300 2320 2340 2370 2400 2430 2460 2480 2500 2530 2560 2570 2590 2610 2630 2640 2660 2680 2700 2730
