Data_Terrain/DEM/dem_50m_clip.txt
ncols	400
nrows	400
xllcorner	775674
yllcorner	181024
cellsize	50
NODATA_value	-9999
[rows 304 to 341 of 400, columns 168 to 251 of 400]
1580 1590 1600 1600 1610 1620 1640 1650 1660 1670 1680 1700 1720 1730 1740 1760 1780 1800 1820 1840 1860 1880 1900 1920 1940 1960 1980 2000 2020 2030 2050 2080 2100 2110 2130 2150 2170 2190 2210 2230 2240 2250 2260 2260 2270 2280 2280 2290 2300 2300 2300 2300 2290 2280 2270 2250 2220 2200 2180 2150 2130 2110 2080 2050 2030 2000 1970 1940 1920 1900 1870 1840 1830 1810 1800 1790 1790 1800 1800 1810 1840 1860 1870 1890
1580 1590 1590 1600 1610 1610 1620 1640 1650 1660 1670 1690 1700 1720 1730 1750 1770 1790 1810 1830 1850 1870 1890 1910 1930 1950 1970 1990 2010 2030 2050 2070 2100 2120 2140 2160 2180 2200 2210 2230 2250 2260 2260 2270 2280 2290 2300 2310 2310 2320 2320 2320 2310 2300 2290 2270 2240 2230 2210 2170 2150 2130 2100 2080 2050 2020 1990 1960 1950 1920 1890 1880 1860 1840 1820 1810 1800 1800 1800 1810 1820 1840 1860 1880
1580 1580 1580 1590 1600 1600 1610 1620 1630 1650 1660 1670 1690 1700 1720 1740 1750 1770 1800 1820 1840 1850 1870 1890 1920 1940 1960 1980 2000 2020 2040 2060 2080 2110 2130 2160 2170 2190 2210 2230 2240 2250 2260 2270 2280 2300 2310 2320 2330 2330 2340 2340 2330 2320 2320 2300 2270 2240 2230 2200 2160 2150 2130 2100 2070 2030 2010 1980 1960 1940 1930 1910 1880 1860 1850 1830 1820 1810 1810 1810 1810 1830 1850 1870
1580 1580 1580 1590 1590 1590 1600 1610 1620 1630 1640 1660 1670 1680 1700 1720 1740 1760 1780 1810 1820 1840 1860 1880 1900 1930 1950 1970 1990 2010 2030 2050 2070 2100 2120 2150 2170 2180 2200 2220 2230 2240 2260 2270 2280 2290 2310 2320 2330 2340 2350 2350 2350 2350 2340 2330 2310 2280 2250 2220 2190 2170 2150 2130 2100 2080 2050 2020 2000 1970 1950 1930 1910 1890 1870 1860 1840 1830 1820 1810 1810 1820 1830 1840
1590 1590 1580 1590 1590 1590 1600 1600 1610 1620 1630 1640 1660 1670 1690 1710 1720 1740 1770 1790 1810 1830 1850 1870 1890 1910 1940 1960 1980 2000 2020 2040 2060 2080 2110 2130 2160 2180 2190 2210 2210 2230 2240 2260 2270 2290 2300 2320 2330 2350 2360 2360 2370 2370 2360 2350 2340 2310 2290 2260 2230 2210 2180 2160 2130 2110 2080 2060 2030 2010 1980 1960 1940 1920 1900 1880 1870 1850 1840 1830 1820 1820 1820 1830
1600 1600 1600 1590 1590 1600 1600 1600 1600 1600 1610 1630 1650 1660 1670 1680 1700 1730 1750 1770 1790 1820 1830 1850 1880 1900 1920 1940 1950 1970 2000 2030 2050 2070 2090 2110 2140 2160 2180 2190 2200 2210 2230 2240 2260 2280 2290 2310 2330 2340 2360 2370 2380 2380 2390 2380 2360 2340 2320 2290 2270 2240 2210 2190 2160 2140 2110 2090 2060 2040 2010 1990 1970 1950 1930 1910 1890 1880 1860 1850 1840 1830 1830 1830
1620 1610 1610 1600 1600 1600 1600 1600 1600 1600 1600 1620 1630 1650 1660 1670 1690 1710 1740 1760 1770 1800 1820 1840 1860 1880 1890 1910 1930 1960 1980 2010 2030 2050 2070 2100 2120 2140 2160 2180 2190 2200 2210 2230 2250 2270 2280 2300 2320 2340 2360 2370 2380 2400 2410 2410 2390 2370 2340 2320 2300 2270 2250 2220 2190 2170 2140 2120 2100 2070 2050 2020 2000 1980 1960 1940 1920 1910 1890 1880 1860 1850 1840 1830
1630 1620 1620 1610 1610 1610 1600 1600 1600 1590 1590 1600 1610 1630 1650 1660 1680 1700 1720 1740 1750 1780 1810 1830 1850 1860 1880 1900 1910 1920 1940 1970 2010 2030 2050 2070 2090 2110 2140 2160 2170 2190 2200 2220 2240 2260 2280 2290 2310 2330 2350 2370 2390 2410 2420 2420 2410 2390 2370 2350 2320 2300 2280 2250 2220 2200 2170 2150 2130 2100 2080 2060 2030 2010 1990 1970 1950 1930 1920 1900 1890 1870 1860 1850
1640 1630 1630 1620 1620 1610 1610 1600 1600 1590 1590 1590 1600 1620 1630 1640 1660 1670 1690 1710 1740 1760 1790 1810 1830 1840 1860 1880 1890 1910 1930 1950 1980 2000 2030 2040 2060 2080 2110 2140 2160 2180 2190 2210 2230 2250 2270 2280 2300 2320 2340 2360 2380 2410 2420 2430 2430 2410 2390 2370 2350 2330 2300 2280 2260 2230 2200 2180 2160 2140 2110 2090 2070 2040 2020 2010 1990 1970 1950 1930 1920 1900 1890 1870
1650 1640 1640 1630 1620 1620 1610 1610 1600 1590 1590 1590 1590 1600 1620 1630 1640 1660 1680 1700 1720 1750 1770 1790 1800 1830 1840 1860 1870 1890 1910 1930 1950 1980 2010 2030 2050 2060 2090 2120 2140 2170 2190 2200 2220 2240 2260 2280 2290 2310 2330 2350 2380 2400 2420 2440 2440 2430 2410 2380 2360 2350 2330 2310 2280 2260 2240 2210 2190 2170 2140 2120 2100 2080 2050 2040 2020 2000 1980 1960 1950 1930 1910 1900
1660 1660 1650 1640 1630 1630 1620 1610 1610 1600 1590 1590 1590 1590 1600 1610 1620 1650 1670 1690 1710 1720 1740 1770 1790 1810 1830 1840 1860 1880 1900 1920 1940 1970 1990 2010 2030 2050 2080 2100 2130 2160 2180 2200 2210 2230 2250 2270 2290 2300 2320 2340 2360 2390 2410 2430 2440 2440 2430 2400 2380 2360 2340 2330 2310 2290 2270 2240 2220 2200 2170 2150 2130 2110 2090 2070 2050 2030 2010 1990 1980 1960 1940 1930
1670 1670 1660 1650 1650 1640 1630 1620 1620 1610 1600 1590 1590 1590 1590 1600 1610 1630 1640 1660 1690 1710 1730 1750 1770 1790 1810 1830 1850 1870 1890 1910 1930 1960 1980 2000 2020 2040 2060 2090 2120 2140 2170 2190 2200 2220 2240 2260 2280 2290 2310 2330 2350 2380 2400 2420 2430 2440 2430 2420 2400 2380 2360 2340 2320 2310 2290 2270 2250 2230 2200 2180 2160 2140 2120 2100 2080 2060 2040 2020 2010 1990 1970 1960
1690 1680 1680 1670 1660 1650 1640 1640 1630 1620 1610 1600 1600 1590 1590 1600 1610 1620 1630 1650 1670 1700 1720 1730 1760 1780 1800 1820 1840 1860 1880 1900 1920 1950 1970 1990 2010 2030 2050 2080 2110 2130 2150 2170 2190 2210 2230 2250 2270 2280 2300 2320 2340 2360 2390 2410 2430 2440 2440 2430 2420 2400 2380 2360 2350 2330 2320 2300 2280 2260 2230 2210 2190 2170 2150 2130 2110 2080 2070 2050 2030 2020 2000 1980
1720 1710 1700 1690 1680 1670 1660 1650 1640 1630 1630 1620 1610 1590 1590 1590 1590 1600 1620 1640 1660 1680 1700 1710 1740 1760 1790 1810 1830 1850 1870 1890 1910 1930 1960 1980 2000 2020 2040 2070 2090 2120 2140 2160 2180 2200 2220 2240 2260 2270 2290 2310 2330 2350 2370 2390 2410 2430 2440 2440 2430 2420 2400 2390 2370 2360 2330 2320 2300 2280 2260 2240 2220 2200 2180 2160 2140 2110 2090 2080 2060 2040 2030 2010
1740 1730 1720 1710 1700 1690 1680 1670 1660 1650 1640 1630 1620 1600 1590 1590 1590 1590 1600 1620 1640 1650 1670 1700 1720 1750 1780 1800 1820 1840 1860 1880 1900 1910 1940 1960 1990 2010 2030 2050 2080 2100 2120 2150 2170 2190 2210 2230 2240 2260 2280 2300 2310 2330 2360 2380 2400 2420 2440 2440 2440 2430 2430 2410 2400 2380 2360 2340 2330 2310 2290 2270 2250 2230 2210 2190 2170 2140 2120 2100 2090 2070 2050 2040
1770 1760 1750 1740 1730 1710 1700 1690 1680 1670 1660 1640 1630 1610 1610 1600 1590 1590 1590 1600 1620 1640 1660 1680 1710 1730 1760 1770 1790 1810 1840 1850 1870 1900 1920 1940 1970 1990 2020 2040 2060 2090 2100 2130 2160 2180 2200 2220 2230 2250 2270 2280 2300 2320 2340 2370 2390 2410 2420 2430 2440 2440 2440 2430 2420 2400 2380 2370 2350 2330 2310 2290 2270 2260 2240 2220 2190 2170 2150 2130 2110 2090 2080 2060
1810 1790 1780 1760 1750 1740 1730 1710 1700 1690 1670 1660 1650 1630 1620 1610 1600 1590 1590 1590 1600 1630 1650 1670 1690 1710 1740 1760 1780 1800 1820 1840 1860 1880 1910 1930 1950 1970 2000 2030 2050 2070 2080 2110 2140 2160 2180 2200 2220 2240 2250 2270 2290 2310 2330 2350 2370 2390 2410 2430 2440 2450 2450 2450 2440 2420 2410 2380 2360 2350 2340 2320 2300 2280 2260 2240 2220 2200 2180 2160 2140 2120 2100 2090
1840 1820 1810 1790 1780 1770 1750 1740 1720 1710 1690 1680 1660 1650 1630 1610 1600 1590 1590 1590 1600 1610 1620 1640 1660 1690 1720 1730 1750 1770 1790 1820 1850 1870 1890 1910 1930 1960 1990 2010 2030 2050 2060 2090 2120 2140 2160 2180 2190 2210 2230 2260 2280 2300 2320 2340 2360 2380 2400 2420 2430 2450 2460 2460 2450 2440 2430 2410 2390 2370 2350 2330 2320 2300 2270 2260 2240 2220 2200 2180 2160 2140 2130 2110
1870 1860 1840 1820 1810 1790 1780 1760 1750 1730 1720 1700 1680 1660 1640 1630 1610 1600 1600 1590 1590 1600 1610 1630 1650 1670 1700 1720 1740 1760 1780 1800 1830 1850 1870 1890 1910 1940 1960 1980 2010 2030 2040 2070 2100 2120 2140 2160 2180 2200 2220 2240 2270 2290 2310 2320 2340 2370 2390 2400 2420 2440 2460 2470 2470 2460 2450 2430 2420 2400 2380 2360 2350 2330 2310 2290 2270 2250 2230 2210 2190 2170 2150 2130
1900 1890 1870 1850 1840 1820 1800 1790 1760 1750 1730 1710 1700 1680 1660 1640 1630 1610 1600 1590 1590 1590 1600 1620 1640 1660 1680 1700 1720 1740 1760 1780 1800 1820 1850 1870 1890 1920 1940 1960 1990 2010 2020 2050 2080 2100 2120 2140 2160 2180 2210 2230 2250 2260 2280 2300 2330 2350 2370 2390 2410 2430 2450 2470 2470 2470 2460 2450 2440 2420 2410 2390 2370 2340 2320 2300 2280 2260 2240 2220 2200 2180 2160 2140
1940 1920 1900 1880 1870 1850 1830 1810 1790 1780 1750 1730 1710 1690 1670 1660 1640 1630 1610 1600 1590 1590 1590 1600 1620 1640 1660 1680 1700 1720 1740 1760 1780 1800 1830 1840 1870 1900 1920 1930 1960 1980 2000 2030 2060 2080 2100 2120 2140 2160 2170 2200 2230 2240 2270 2290 2310 2330 2360 2380 2400 2420 2440 2460 2480 2480 2480 2470 2460 2440 2430 2410 2390 2370 2360 2340 2320 2300 2270 2240 2220 2200 2180 2160
1970 1950 1930 1920 1900 1880 1860 1840 1820 1800 1770 1750 1730 1710 1690 1680 1660 1650 1630 1610 1600 1590 1590 1590 1600 1620 1640 1660 1680 1700 1720 1740 1760 1780 1800 1820 1850 1880 1900 1910 1940 1960 1990 2010 2040 2060 2080 2100 2120 2140 2150 2180 2200 2220 2250 2280 2300 2310 2340 2370 2390 2400 2430 2450 2470 2480 2480 2480 2470 2460 2450 2440 2420 2400 2380 2360 2330 2320 2300 2280 2250 2220 2200 2180
2000 1980 1960 1950 1930 1910 1890 1870 1850 1830 1800 1770 1750 1730 1710 1700 1680 1660 1640 1630 1620 1610 1600 1590 1590 1600 1620 1640 1660 1680 1700 1720 1740 1750 1780 1800 1830 1860 1880 1890 1920 1940 1970 2000 2010 2040 2060 2080 2100 2120 2140 2150 2180 2200 2230 2260 2270 2300 2320 2340 2370 2390 2420 2440 2460 2470 2480 2480 2480 2480 2470 2460 2440 2430 2410 2390 2370 2350 2330 2300 2280 2250 2220 2200
2030 2020 2000 1980 1960 1940 1920 1900 1880 1860 1820 1790 1770 1750 1730 1710 1700 1680 1670 1650 1630 1620 1600 1590 1590 1590 1600 1620 1640 1660 1680 1700 1710 1730 1760 1780 1810 1840 1860 1870 1900 1920 1950 1980 2000 2020 2040 2060 2080 2100 2120 2130 2160 2180 2210 2240 2250 2280 2300 2330 2350 2380 2400 2420 2450 2460 2480 2480 2490 2490 2480 2480 2470 2450 2430 2410 2390 2370 2350 2330 2310 2280 2260 2240
2070 2050 2030 2010 1990 1970 1950 1930 1910 1890 1850 1820 1790 1770 1750 1730 1710 1700 1680 1660 1640 1630 1620 1600 1590 1590 1590 1600 1620 1640 1660 1680 1690 1710 1740 1760 1790 1810 1840 1860 1880 1900 1930 1950 1980 2000 2020 2040 2060 2080 2100 2120 2130 2160 2190 2210 2230 2260 2280 2310 2340 2360 2390 2410 2430 2450 2470 2480 2480 2490 2490 2490 2490 2470 2460 2440 2420 2400 2380 2360 2330 2310 2290 2270
2100 2080 2060 2040 2020 2000 1980 1950 1930 1910 1880 1850 1820 1790 1770 1750 1740 1710 1690 1680 1660 1650 1630 1610 1600 1590 1580 1590 1600 1620 1640 1660 1680 1700 1720 1740 1770 1800 1820 1850 1860 1880 1910 1930 1960 1990 2000 2020 2040 2060 2080 2100 2110 2140 2170 2190 2210 2240 2260 2290 2320 2350 2370 2400 2420 2440 2460 2470 2480 2490 2500 2500 2500 2490 2480 2470 2450 2430 2400 2380 2360 2340 2320 2290
2130 2110 2090 2080 2060 2030 2010 1980 1960 1940 1910 1880 1850 1820 1790 1770 1750 1730 1710 1700 1680 1660 1640 1630 1610 1600 1590 1590 1600 1610 1620 1650 1670 1690 1700 1730 1750 1780 1810 1830 1840 1860 1890 1910 1940 1960 1980 2000 2020 2040 2060 2080 2100 2110 2140 2160 2190 2220 2250 2280 2300 2330 2360 2380 2400 2430 2450 2460 2470 2490 2500 2510 2510 2510 2500 2480 2470 2450 2430 2410 2390 2370 2340 2320
2150 2140 2120 2100 2090 2060 2040 2000 1970 1950 1930 1900 1880 1860 1830 1800 1780 1760 1740 1720 1700 1690 1670 1650 1620 1610 1600 1590 1600 1600 1610 1630 1650 1670 1690 1710 1740 1760 1790 1810 1830 1850 1880 1900 1920 1940 1970 1990 2000 2020 2040 2060 2080 2100 2120 2150 2170 2200 2230 2260 2290 2310 2340 2360 2390 2410 2430 2440 2460 2470 2490 2500 2520 2520 2510 2500 2490 2470 2450 2430 2410 2390 2370 2350
2180 2160 2150 2130 2110 2080 2050 2030 2000 1970 1950 1930 1920 1890 1860 1830 1800 1780 1760 1740 1720 1710 1690 1660 1630 1620 1610 1600 1600 1610 1620 1630 1640 1660 1680 1700 1730 1750 1770 1790 1810 1840 1860 1880 1910 1930 1950 1970 1990 2010 2030 2050 2070 2090 2120 2140 2160 2190 2210 2240 2270 2300 2320 2350 2380 2400 2410 2430 2440 2460 2480 2500 2510 2520 2520 2510 2500 2490 2480 2460 2440 2420 2400 2380
2210 2190 2170 2140 2120 2100 2080 2050 2020 2000 1980 1960 1940 1910 1880 1850 1810 1790 1770 1750 1740 1720 1700 1680 1650 1630 1620 1610 1610 1610 1620 1620 1640 1650 1670 1690 1720 1740 1760 1780 1800 1820 1850 1870 1890 1920 1940 1950 1970 2000 2020 2040 2060 2090 2110 2130 2150 2180 2210 2230 2260 2290 2310 2330 2360 2380 2400 2420 2430 2450 2460 2480 2500 2520 2520 2520 2520 2510 2500 2480 2460 2440 2420 2400
2240 2220 2200 2170 2140 2120 2100 2080 2050 2020 2000 1980 1950 1930 1910 1880 1850 1820 1790 1770 1750 1730 1710 1690 1670 1650 1640 1620 1620 1610 1620 1620 1630 1650 1670 1690 1710 1730 1750 1770 1790 1810 1830 1860 1880 1900 1920 1940 1960 1980 2010 2020 2050 2080 2100 2120 2150 2170 2200 2220 2250 2270 2300 2320 2340 2360 2380 2410 2420 2440 2450 2470 2480 2500 2520 2520 2520 2520 2520 2500 2490 2470 2450 2430
2270 2250 2220 2190 2160 2140 2120 2110 2090 2060 2030 2000 1970 1940 1920 1900 1870 1840 1820 1810 1790 1760 1740 1710 1690 1670 1650 1640 1620 1620 1620 1620 1630 1640 1660 1680 1700 1720 1730 1750 1770 1790 1820 1840 1860 1880 1910 1930 1950 1970 1990 2010 2030 2060 2090 2110 2140 2160 2180 2210 2230 2260 2280 2310 2330 2340 2370 2390 2410 2420 2440 2450 2470 2490 2510 2510 2520 2530 2530 2520 2510 2490 2470 2450
2290 2270 2240 2220 2200 2170 2140 2120 2100 2080 2060 2030 2000 1970 1940 1910 1890 1870 1860 1830 1810 1790 1760 1730 1710 1690 1680 1660 1640 1620 1620 1630 1630 1640 1650 1670 1690 1710 1730 1740 1760 1780 1800 1820 1850 1870 1890 1900 1930 1950 1970 1990 2010 2040 2070 2090 2120 2140 2170 2190 2220 2240 2270 2290 2310 2330 2350 2370 2390 2400 2420 2430 2460 2480 2490 2500 2510 2520 2530 2530 2530 2520 2500 2480
2320 2290 2270 2250 2220 2200 2180 2150 2130 2110 2080 2050 2020 1990 1960 1940 1920 1900 1880 1860 1840 1810 1780 1760 1740 1710 1690 1680 1650 1630 1630 1630 1630 1640 1650 1660 1680 1700 1720 1730 1750 1770 1790 1810 1830 1850 1870 1890 1910 1920 1940 1970 1990 2020 2040 2070 2100 2130 2150 2170 2200 2230 2260 2280 2300 2320 2340 2360 2370 2390 2400 2420 2440 2450 2470 2490 2500 2520 2530 2540 2540 2540 2520 2510
2340 2320 2300 2270 2240 2220 2200 2170 2150 2130 2100 2070 2040 2020 1990 1960 1930 1900 1890 1880 1860 1840 1810 1790 1760 1740 1710 1690 1670 1650 1640 1630 1630 1630 1640 1660 1680 1690 1710 1730 1740 1760 1780 1800 1820 1840 1860 1880 1900 1910 1930 1950 1970 2000 2020 2050 2070 2100 2130 2150 2180 2200 2230 2250 2280 2300 2320 2340 2360 2370 2390 2410 2430 2440 2460 2470 2490 2500 2520 2540 2550 2550 2540 2530
2370 2340 2320 2290 2270 2250 2230 2190 2170 2150 2120 2090 2070 2040 2010 1980 1950 1920 1910 1890 1870 1850 1820 1800 1770 1750 1730 1710 1690 1660 1640 1630 1630 1630 1640 1650 1670 1690 1700 1720 1730 1750 1770 1790 1810 1830 1850 1870 1890 1910 1920 1940 1960 1980 2010 2030 2050 2070 2100 2130 2150 2180 2210 2240 2260 2290 2310 2330 2340 2360 2380 2400 2420 2430 2440 2460 2480 2490 2510 2530 2550 2550 2550 2550
2380 2360 2330 2320 2300 2280 2240 2220 2200 2170 2140 2120 2090 2060 2030 2000 1970 1950 1930 1900 1880 1860 1830 1800 1780 1760 1740 1720 1700 1680 1650 1640 1630 1630 1630 1650 1660 1680 1700 1710 1730 1740 1760 1780 1800 1820 1840 1860 1880 1900 1920 1930 1950 1970 1990 2010 2030 2060 2080 2110 2130 2160 2190 2220 2250 2270 2290 2310 2330 2360 2380 2400 2410 2430 2440 2450 2460 2480 2500 2520 2540 2550 2560 2560
2410 2390 2360 2330 2320 2290 2270 2250 2220 2190 2170 2140 2110 2080 2050 2020 2000 1970 1940 1920 1890 1870 1840 1810 1780 1770 1750 1730 1710 1690 1670 1650 1640 1630 1630 1640 1660 1670 1690 1710 1720 1740 1750 1770 1790 1810 1830 1850 1870 1890 1910 1920 1940 1960 1980 2000 2020 2040 2060 2090 2110 2140 2170 2200 2230 2260 2280 2300 2330 2350 2370 2390 2410 2420 2430 2440 2460 2470 2490 2510 2530 2550 2560 2570
