Data_Terrain/DEM/dem_50m_clip.txt
ncols	400
nrows	400
xllcorner	775674
yllcorner	181024
cellsize	50
NODATA_value	-9999
[rows 76 to 113 of 400, columns 84 to 167 of 400]
1100 1090 1080 1070 1060 1050 1050 1040 1030 1030 1020 1010 990 980 980 980 970 970 970 970 970 970 960 960 960 970 970 970 980 980 980 980 980 980 970 970 960 950 950 940 940 950 960 970 980 980 980 990 990 1010 1030 1040 1060 1080 1100 1120 1140 1160 1190 1220 1250 1280 1310 1350 1370 1390 1420 1440 1460 1480 1500 1520 1540 1550 1560 1570 1580 1580 1590 1600 1610 1620 1630 1650
1110 1100 1090 1090 1080 1070 1060 1060 1050 1040 1040 1030 1020 1010 1000 1000 990 990 990 980 980 980 970 970 970 970 980 980 980 980 980 980 980 980 970 960 950 940 930 930 930 940 950 960 970 970 980 980 980 990 1010 1020 1040 1060 1080 1100 1120 1130 1160 1190 1220 1260 1290 1310 1340 1360 1390 1420 1440 1460 1470 1490 1510 1520 1530 1550 1550 1560 1570 1580 1580 1590 1600 1620
1120 1120 1110 1100 1090 1090 1080 1070 1070 1060 1050 1050 1040 1030 1030 1020 1010 1010 1000 1000 990 990 980 980 980 980 990 990 990 990 990 990 990 980 980 970 960 940 930 930 930 930 940 950 960 970 970 970 980 980 990 1010 1020 1030 1060 1080 1090 1110 1140 1170 1200 1230 1250 1280 1300 1330 1360 1390 1410 1430 1450 1460 1480 1490 1500 1520 1530 1540 1550 1550 1560 1570 1580 1600
1130 1130 1120 1120 1110 1100 1100 1090 1080 1080 1070 1060 1060 1050 1040 1040 1030 1030 1020 1010 1010 1000 990 990 990 990 1000 1000 1010 1010 1010 1000 1000 990 980 980 960 950 940 940 930 930 940 950 960 970 970 970 970 980 980 990 1010 1020 1040 1050 1070 1100 1120 1150 1180 1200 1220 1250 1270 1300 1330 1360 1380 1410 1420 1440 1450 1470 1480 1490 1500 1510 1520 1530 1540 1550 1570 1580
1140 1140 1140 1130 1120 1120 1110 1110 1100 1090 1090 1080 1070 1070 1060 1060 1050 1040 1040 1030 1020 1020 1010 1000 1000 1000 1010 1020 1020 1020 1020 1020 1010 1010 1000 990 980 970 960 950 950 950 950 950 960 960 970 970 970 970 980 990 1000 1010 1020 1040 1060 1080 1100 1130 1150 1170 1190 1220 1240 1270 1290 1320 1350 1370 1400 1410 1430 1440 1450 1460 1470 1490 1500 1510 1520 1540 1550 1570
1140 1150 1150 1140 1140 1130 1130 1120 1110 1110 1100 1090 1090 1080 1080 1070 1070 1060 1050 1050 1040 1040 1030 1020 1020 1020 1020 1030 1030 1030 1030 1030 1020 1020 1010 1010 1000 990 980 970 960 970 960 960 960 970 970 970 970 970 970 980 990 1000 1010 1020 1040 1060 1090 1110 1130 1150 1170 1190 1210 1230 1260 1280 1310 1340 1360 1390 1400 1420 1430 1440 1450 1460 1470 1490 1510 1530 1540 1550
1160 1160 1160 1160 1150 1150 1140 1130 1130 1120 1120 1110 1100 1100 1090 1090 1080 1070 1070 1060 1060 1060 1050 1050 1040 1040 1040 1050 1050 1040 1040 1040 1040 1030 1030 1020 1020 1010 1000 1000 990 980 970 980 970 970 970 970 970 960 960 970 970 990 1000 1010 1030 1050 1070 1080 1100 1120 1140 1160 1180 1200 1220 1250 1270 1300 1330 1350 1370 1390 1400 1410 1430 1440 1450 1470 1490 1510 1530 1540
1170 1170 1170 1170 1170 1160 1160 1150 1140 1140 1130 1120 1120 1110 1100 1100 1090 1090 1080 1070 1070 1070 1070 1070 1060 1060 1060 1060 1060 1060 1050 1050 1050 1050 1040 1040 1030 1030 1020 1020 1010 1000 990 990 980 980 970 970 960 960 950 950 960 980 990 1000 1020 1030 1040 1060 1090 1110 1120 1130 1150 1170 1190 1210 1240 1260 1290 1310 1340 1350 1370 1380 1400 1410 1430 1440 1470 1490 1510 1520
1180 1180 1180 1180 1180 1180 1170 1170 1160 1150 1140 1140 1130 1120 1120 1110 1100 1100 1090 1080 1080 1080 1080 1080 1080 1080 1080 1080 1070 1070 1070 1060 1060 1060 1060 1060 1050 1040 1040 1030 1030 1020 1010 1000 1000 990 980 970 970 960 950 940 950 960 970 990 1000 1010 1030 1050 1070 1090 1100 1110 1120 1140 1160 1180 1200 1220 1250 1270 1300 1320 1340 1350 1370 1390 1400 1420 1440 1460 1480 1510
1200 1200 1200 1200 1200 1190 1190 1190 1180 1170 1160 1150 1140 1140 1130 1120 1110 1100 1100 1090 1090 1090 1090 1090 1090 1090 1090 1090 1090 1080 1080 1070 1070 1070 1070 1070 1070 1060 1050 1050 1040 1040 1030 1020 1010 1000 980 980 970 960 950 940 940 940 960 970 980 1000 1010 1030 1050 1070 1080 1090 1100 1120 1130 1150 1170 1190 1210 1230 1260 1280 1300 1320 1340 1360 1370 1390 1410 1430 1460 1490
1220 1220 1220 1220 1220 1210 1210 1210 1200 1190 1180 1170 1160 1150 1140 1130 1120 1110 1100 1100 1090 1090 1090 1090 1100 1100 1100 1100 1100 1090 1090 1080 1080 1080 1080 1080 1080 1070 1060 1060 1050 1050 1050 1040 1030 1010 1000 990 980 960 950 940 930 940 950 950 970 990 1000 1020 1030 1050 1060 1070 1080 1100 1120 1130 1140 1160 1180 1200 1220 1240 1260 1280 1300 1320 1340 1360 1380 1400 1430 1460
1240 1240 1230 1230 1230 1230 1230 1230 1220 1210 1200 1190 1180 1170 1160 1150 1140 1120 1110 1110 1100 1100 1100 1100 1100 1100 1100 1100 1100 1100 1100 1090 1090 1090 1090 1090 1090 1080 1070 1070 1060 1060 1060 1060 1040 1030 1010 1000 980 970 950 940 940 940 940 950 960 970 990 1000 1020 1030 1040 1050 1070 1080 1100 1110 1120 1140 1150 1170 1180 1200 1230 1250 1270 1290 1310 1340 1360 1380 1400 1430
1260 1260 1250 1250 1250 1250 1240 1240 1240 1230 1220 1210 1200 1190 1170 1160 1150 1140 1130 1120 1110 1110 1110 1110 1120 1120 1120 1120 1120 1120 1110 1110 1100 1100 1100 1100 1100 1090 1080 1080 1070 1070 1070 1070 1060 1050 1030 1000 990 970 960 950 940 940 940 940 950 960 970 980 1000 1020 1030 1040 1050 1060 1080 1090 1100 1120 1130 1140 1160 1170 1190 1220 1240 1260 1290 1310 1340 1360 1380 1410
1280 1270 1270 1260 1260 1260 1260 1250 1250 1240 1230 1220 1210 1200 1190 1180 1170 1160 1150 1140 1130 1130 1130 1130 1130 1140 1140 1130 1130 1130 1130 1120 1120 1110 1120 1110 1110 1100 1100 1090 1090 1080 1080 1080 1070 1060 1040 1020 1000 980 970 950 940 940 940 940 940 950 960 970 980 1000 1020 1030 1040 1050 1060 1070 1080 1090 1110 1120 1130 1140 1160 1180 1210 1230 1260 1280 1310 1330 1360 1380
1290 1290 1290 1290 1280 1280 1270 1270 1260 1250 1240 1230 1220 1210 1200 1190 1180 1170 1170 1160 1150 1150 1150 1150 1150 1150 1150 1150 1150 1150 1150 1140 1140 1130 1130 1130 1120 1120 1110 1100 1100 1090 1090 1080 1080 1060 1050 1030 1000 990 970 960 950 940 940 940 940 940 950 960 970 990 1000 1010 1020 1030 1040 1050 1060 1070 1090 1090 1100 1110 1130 1150 1170 1200 1240 1260 1280 1310 1330 1360
1310 1310 1300 1300 1300 1300 1290 1280 1270 1270 1260 1250 1240 1230 1220 1210 1200 1190 1180 1170 1170 1170 1170 1170 1170 1170 1170 1170 1170 1160 1160 1160 1160 1150 1150 1140 1140 1130 1130 1120 1110 1110 1100 1090 1080 1070 1050 1030 1010 990 970 960 950 940 940 940 940 940 940 950 960 980 990 1010 1020 1020 1030 1040 1050 1060 1070 1080 1080 1090 1100 1120 1140 1180 1210 1230 1260 1290 1310 1330
1330 1330 1320 1320 1310 1310 1310 1300 1290 1280 1270 1260 1250 1240 1230 1220 1210 1210 1200 1190 1190 1190 1190 1190 1190 1190 1180 1190 1190 1180 1180 1170 1170 1170 1160 1160 1150 1140 1140 1130 1120 1120 1110 1100 1080 1070 1060 1040 1020 1000 980 960 950 950 940 940 940 930 940 940 950 970 980 1000 1000 1010 1020 1030 1040 1050 1050 1060 1070 1070 1080 1100 1120 1140 1180 1220 1240 1260 1280 1310
1350 1350 1340 1340 1330 1330 1330 1320 1310 1300 1290 1280 1270 1260 1250 1240 1230 1220 1220 1210 1210 1200 1200 1200 1200 1200 1200 1200 1200 1200 1190 1190 1190 1190 1180 1170 1170 1160 1150 1140 1130 1120 1110 1100 1090 1080 1060 1040 1020 1000 980 960 950 950 950 940 940 940 940 940 950 960 970 980 990 990 1000 1010 1020 1030 1040 1050 1060 1060 1070 1080 1100 1120 1150 1190 1210 1230 1260 1290
1370 1370 1360 1360 1350 1350 1340 1340 1330 1320 1310 1300 1290 1280 1270 1250 1240 1230 1230 1230 1220 1220 1220 1220 1220 1220 1220 1220 1210 1210 1210 1210 1200 1200 1190 1190 1180 1170 1160 1150 1140 1130 1120 1110 1090 1080 1070 1050 1030 1000 980 970 960 950 950 950 940 940 940 940 950 960 970 970 970 980 990 1000 1010 1020 1030 1040 1040 1050 1050 1060 1080 1100 1120 1150 1190 1220 1240 1260
1390 1390 1380 1370 1370 1360 1360 1350 1350 1340 1330 1320 1310 1300 1290 1270 1260 1250 1250 1240 1240 1240 1240 1240 1240 1240 1240 1230 1230 1220 1220 1220 1220 1210 1210 1200 1190 1170 1170 1160 1150 1140 1130 1110 1100 1080 1070 1050 1030 1010 980 970 960 960 950 950 950 950 950 950 950 960 970 970 970 960 970 980 990 1010 1020 1030 1030 1040 1050 1060 1070 1080 1100 1120 1150 1180 1210 1240
1410 1400 1400 1390 1380 1380 1370 1370 1360 1350 1350 1340 1330 1320 1310 1290 1280 1270 1260 1260 1250 1260 1250 1250 1260 1260 1250 1250 1250 1250 1240 1230 1230 1230 1220 1210 1200 1180 1170 1160 1160 1150 1130 1120 1100 1090 1070 1060 1030 1010 990 970 960 960 960 960 960 960 960 960 960 960 970 960 960 950 950 960 980 990 1000 1020 1020 1030 1040 1050 1060 1070 1080 1100 1120 1150 1180 1210
1420 1420 1410 1400 1400 1390 1390 1380 1370 1370 1360 1350 1340 1340 1320 1310 1300 1290 1280 1270 1270 1270 1270 1270 1270 1270 1270 1270 1270 1260 1260 1250 1240 1240 1230 1220 1210 1200 1180 1180 1170 1150 1140 1120 1110 1090 1070 1060 1040 1010 990 970 960 960 960 960 960 970 970 970 970 970 970 960 960 950 950 950 970 980 990 1000 1010 1020 1030 1040 1050 1060 1070 1080 1110 1130 1150 1180
1440 1430 1430 1420 1410 1410 1400 1390 1380 1380 1370 1360 1360 1350 1340 1330 1320 1310 1300 1290 1290 1290 1280 1280 1280 1280 1280 1280 1280 1280 1270 1270 1260 1250 1230 1230 1220 1210 1200 1190 1170 1160 1150 1130 1110 1100 1080 1060 1040 1010 990 970 960 960 960 970 970 970 980 980 980 980 980 970 960 950 940 940 950 970 980 1000 1010 1010 1020 1030 1040 1040 1050 1070 1090 1120 1140 1160
1450 1450 1440 1440 1430 1420 1410 1400 1390 1380 1380 1370 1370 1360 1360 1350 1340 1330 1320 1310 1310 1300 1300 1300 1300 1300 1300 1300 1290 1290 1280 1270 1260 1250 1250 1240 1230 1220 1210 1200 1190 1170 1150 1140 1120 1100 1080 1060 1030 1020 1000 980 970 970 970 970 970 980 980 990 990 990 980 980 970 950 940 940 940 950 960 980 990 1000 1010 1020 1030 1030 1040 1060 1080 1100 1120 1130
1470 1470 1460 1450 1440 1430 1420 1410 1400 1390 1390 1380 1380 1370 1370 1360 1360 1350 1340 1330 1320 1320 1320 1320 1320 1320 1320 1310 1310 1300 1290 1280 1270 1260 1250 1250 1240 1240 1220 1210 1200 1180 1160 1140 1130 1110 1090 1070 1040 1020 1000 990 970 970 970 970 980 980 990 990 1000 990 990 980 970 960 950 940 940 940 950 960 980 1000 1010 1010 1010 1020 1030 1050 1060 1080 1100 1120
1490 1480 1480 1470 1460 1450 1440 1430 1420 1410 1400 1390 1390 1380 1380 1380 1370 1370 1360 1360 1350 1350 1340 1330 1340 1340 1330 1330 1320 1310 1310 1300 1280 1270 1260 1260 1250 1240 1240 1220 1210 1190 1170 1150 1130 1110 1090 1070 1050 1030 1010 990 980 980 980 980 980 980 990 990 1000 1000 1000 990 980 970 950 950 940 940 940 950 970 980 990 1000 1010 1020 1030 1040 1050 1060 1080 1090
1500 1500 1490 1480 1470 1470 1460 1450 1440 1430 1420 1410 1400 1400 1400 1390 1390 1380 1380 1370 1370 1370 1370 1370 1360 1360 1360 1350 1340 1330 1320 1310 1300 1280 1270 1260 1260 1250 1240 1230 1220 1200 1180 1160 1140 1120 1100 1080 1050 1030 1020 1000 990 980 980 980 980 980 990 1000 1000 1010 1000 1000 990 980 970 960 950 950 950 950 960 970 990 1000 1000 1010 1020 1020 1030 1040 1060 1070
1510 1510 1500 1490 1480 1480 1470 1460 1450 1440 1430 1420 1420 1410 1410 1400 1400 1400 1390 1390 1390 1380 1370 1380 1380 1370 1370 1360 1350 1330 1330 1320 1310 1300 1290 1280 1260 1260 1250 1240 1230 1210 1190 1170 1150 1120 1100 1080 1060 1040 1020 1010 990 990 980 980 990 990 1000 1000 1010 1010 1010 1000 1000 990 990 980 970 960 950 950 950 960 980 990 1000 1000 1010 1020 1030 1040 1050 1060
1520 1520 1510 1500 1500 1490 1480 1470 1470 1460 1450 1440 1430 1430 1420 1420 1410 1410 1400 1400 1400 1400 1390 1390 1390 1390 1380 1370 1360 1340 1340 1330 1330 1320 1310 1300 1280 1260 1250 1240 1230 1220 1200 1180 1150 1130 1110 1090 1070 1050 1030 1020 1000 990 990 990 990 1000 1000 1010 1010 1010 1010 1010 1010 1000 1000 990 980 970 960 950 950 960 970 980 990 1000 1000 1010 1020 1030 1040 1050
1530 1530 1520 1510 1510 1500 1490 1490 1480 1470 1460 1460 1450 1440 1430 1430 1420 1420 1420 1410 1410 1410 1410 1400 1400 1390 1390 1380 1360 1350 1350 1340 1340 1330 1330 1310 1290 1270 1260 1250 1240 1220 1210 1190 1170 1140 1120 1100 1080 1060 1040 1020 1010 1000 1000 1000 1000 1010 1010 1010 1020 1020 1020 1010 1010 1010 1010 1000 1000 990 980 970 960 960 960 970 980 990 1000 1010 1020 1030 1040 1050
1540 1530 1530 1530 1520 1510 1510 1500 1490 1480 1480 1470 1460 1450 1450 1440 1430 1430 1430 1430 1430 1420 1420 1420 1410 1400 1390 1380 1370 1360 1360 1360 1350 1350 1340 1320 1310 1290 1270 1260 1240 1230 1210 1200 1180 1150 1130 1110 1090 1080 1060 1040 1030 1020 1020 1010 1010 1020 1020 1020 1020 1020 1020 1020 1020 1020 1020 1020 1010 1000 990 980 970 960 960 960 970 980 990 1000 1010 1020 1030 1040
1550 1540 1540 1540 1530 1530 1520 1510 1500 1490 1490 1480 1480 1470 1460 1450 1440 1440 1440 1440 1440 1440 1430 1430 1420 1410 1400 1390 1380 1370 1370 1370 1360 1360 1350 1340 1320 1300 1280 1260 1250 1230 1220 1210 1190 1170 1140 1120 1110 1090 1080 1070 1060 1040 1040 1040 1030 1030 1030 1030 1030 1030 1030 1020 1020 1030 1030 1030 1030 1020 1010 1000 990 970 960 960 960 970 980 1000 1010 1020 1030 1030
1560 1550 1550 1550 1540 1540 1530 1520 1520 1510 1500 1490 1490 1480 1480 1470 1460 1450 1450 1450 1450 1440 1440 1440 1430 1420 1410 1400 1390 1390 1380 1380 1370 1370 1360 1350 1330 1310 1290 1270 1260 1240 1230 1210 1200 1180 1160 1130 1120 1110 1100 1090 1080 1070 1060 1060 1050 1050 1050 1040 1040 1040 1040 1030 1030 1030 1040 1040 1040 1040 1030 1020 1000 990 980 970 970 970 980 990 1000 1010 1020 1030
1570 1560 1560 1560 1550 1550 1540 1540 1530 1520 1510 1510 1500 1490 1490 1480 1480 1470 1460 1450 1450 1450 1450 1440 1440 1430 1420 1410 1400 1400 1390 1390 1380 1380 1370 1360 1340 1320 1310 1290 1270 1250 1230 1220 1210 1190 1170 1150 1140 1130 1120 1110 1100 1090 1080 1080 1070 1070 1070 1060 1060 1060 1050 1050 1050 1040 1040 1040 1050 1050 1040 1040 1030 1010 1000 980 980 970 980 990 1000 1010 1020 1030
1580 1570 1570 1560 1560 1560 1560 1550 1540 1540 1530 1520 1510 1510 1500 1490 1480 1480 1470 1460 1460 1450 1450 1450 1440 1440 1430 1420 1420 1410 1400 1400 1390 1380 1380 1370 1350 1330 1320 1300 1280 1260 1240 1230 1220 1200 1190 1180 1160 1150 1140 1130 1120 1120 1110 1100 1090 1090 1090 1080 1080 1080 1070 1060 1060 1060 1060 1060 1060 1060 1060 1060 1050 1040 1020 1010 990 990 980 990 1000 1010 1020 1030
1590 1580 1570 1570 1570 1570 1560 1560 1550 1550 1540 1530 1520 1520 1510 1500 1490 1490 1480 1470 1470 1460 1460 1450 1450 1450 1440 1440 1430 1420 1420 1410 1400 1390 1380 1370 1360 1340 1330 1310 1290 1270 1260 1250 1240 1220 1210 1200 1190 1180 1170 1160 1150 1140 1130 1130 1120 1110 1110 1110 1110 1100 1100 1090 1090 1080 1080 1080 1080 1080 1070 1070 1070 1060 1050 1030 1020 1010 1000 1000 1000 1010 1020 1020
1590 1580 1580 1580 1580 1570 1570 1570 1560 1560 1550 1540 1540 1530 1520 1510 1500 1490 1490 1480 1470 1470 1460 1460 1460 1450 1450 1450 1440 1440 1430 1430 1420 1410 1390 1380 1370 1350 1340 1320 1310 1300 1280 1270 1260 1250 1240 1230 1220 1210 1200 1190 1190 1180 1170 1160 1150 1150 1130 1130 1140 1130 1130 1120 1110 1100 1090 1100 1090 1090 1090 1090 1080 1080 1070 1060 1040 1030 1020 1020 1010 1010 1020 1030
1600 1590 1580 1580 1580 1580 1570 1570 1570 1570 1560 1560 1540 1540 1530 1520 1510 1500 1490 1490 1480 1480 1470 1470 1460 1460 1460 1460 1460 1450 1450 1440 1430 1420 1400 1390 1380 1360 1350 1330 1320 1310 1300 1290 1280 1270 1260 1250 1250 1240 1230 1230 1220 1210 1200 1200 1190 1180 1180 1170 1170 1160 1160 1150 1140 1130 1120 1120 1110 1110 1110 1110 1100 1090 1090 1080 1070 1060 1050 1040 1030 1030 1030 1040
